Wavefront
Acquisition 	2015/07/10 16:20:00,068
Save 	2015/07/10 16:20:12,648

ASO Size : 40 x 32; ASO Step : 114,055138 um x 113,922546 um
Selection : Tilt X 0; Tilt Y 0; Focus 0; Astig 0° 1; Astig 45° 1; Coma 0° 1; Coma 90° 1; Spherical 1
Unity : Microns
Area Size : 40 x 32; Area Step : 114,055138 um x 113,922546 um
																																							
															-0,220207																								
											-0,019597	-0,022577	-0,031267	-0,041304	-0,048992	-0,051760	-0,048421	-0,039266	-0,026035	-0,011782	-0,000655																		
									0,118652	0,126790	0,121473	0,106897	0,087985	0,069452	0,055162	0,047731	0,048323	0,056569	0,070609	0,087203	0,101929	0,109445	0,103847	0,079129															
							0,169674	0,201502	0,216696	0,215247	0,200440	0,177193	0,150856	0,126366	0,107692	0,097499	0,096967	0,105744	0,121974	0,142397	0,162512	0,176789	0,178970	0,162456	0,120840														
							0,228623	0,255500	0,263881	0,255073	0,233186	0,203619	0,171974	0,143308	0,121649	0,109706	0,108727	0,118459	0,137167	0,161721	0,187717	0,209643	0,221115	0,215199	0,184857	0,123580		-0,109691											
						0,207548	0,247965	0,270803	0,274017	0,259851	0,232948	0,198975	0,163638	0,132024	0,108181	0,094870	0,093448	0,103832	0,124517	0,152632	0,184025	0,213380	0,234392	0,240019	0,222851	0,175651	0,092135	-0,031949											
						0,200063	0,239079	0,258886	0,258513	0,240807	0,210692	0,173911	0,136151	0,102451	0,076843	0,062144	0,059856	0,070131	0,091781	0,122303	0,157929	0,193691	0,223538	0,240517	0,237070	0,205491	0,138620	0,030834											
						0,173443	0,211284	0,229115	0,226665	0,207091	0,175374	0,137174	0,098044	0,062907	0,035751	0,019447	0,015666	0,024847	0,046185	0,077636	0,115919	0,156542	0,193850	0,221147	0,230917	0,215208	0,166242	0,077326	-0,055848										
						0,135067	0,172077	0,188977	0,185871	0,165971	0,134123	0,095761	0,056205	0,020201	-0,008340	-0,026500	-0,032420	-0,025346	-0,005645	0,025157	0,064350	0,108009	0,150992	0,186992	0,208696	0,208097	0,177024	0,107982	-0,004623										
					0,039155	0,090774	0,127318	0,144263	0,141808	0,123000	0,092381	0,055035	0,015962	-0,020324	-0,050027	-0,070192	-0,078773	-0,074680	-0,057820	-0,029157	0,009223	0,054026	0,100706	0,143450	0,175276	0,188275	0,174081	0,124637	0,033354										
					-0,005523	0,045041	0,081409	0,099243	0,098592	0,082154	0,054021	0,018821	-0,018845	-0,054752	-0,085252	-0,107378	-0,118907	-0,118417	-0,105345	-0,080077	-0,044053	0,000106	0,048501	0,095883	0,135698	0,160265	0,161186	0,130052	0,059547										
					-0,047716	0,001152	0,037473	0,056839	0,058949	0,045989	0,021485	-0,010485	-0,045790	-0,080548	-0,111298	-0,135093	-0,149559	-0,152959	-0,144275	-0,123323	-0,090899	-0,048939	-0,000675	0,049256	0,094791	0,128576	0,142318	0,127441	0,076143										
					-0,084973	-0,038615	-0,002454	0,018820	0,024393	0,015813	-0,004064	-0,031787	-0,063757	-0,096486	-0,126748	-0,151654	-0,168717	-0,175924	-0,171833	-0,155724	-0,127771	-0,089245	-0,042710	0,007817	0,056809	0,097308	0,121238	0,120021	0,085589	0,011918									
					-0,115578	-0,072794	-0,037218	-0,013986	-0,004554	-0,008112	-0,022551	-0,045115	-0,072789	-0,102533	-0,131399	-0,156610	-0,175615	-0,186174	-0,186479	-0,175323	-0,152307	-0,118079	-0,074566	-0,025169	0,025130	0,069821	0,101135	0,110628	0,090179	0,033486									
					-0,138370	-0,100524	-0,066319	-0,041457	-0,028129	-0,026332	-0,034767	-0,051417	-0,073903	-0,099676	-0,126124	-0,150633	-0,170649	-0,183774	-0,187902	-0,181411	-0,163401	-0,133956	-0,094417	-0,047604	0,002043	0,048487	0,084337	0,101417	0,091736	0,048990									
					-0,152570	-0,121341	-0,089679	-0,063926	-0,047063	-0,039939	-0,042098	-0,052301	-0,068841	-0,089706	-0,112669	-0,135340	-0,155235	-0,169875	-0,176940	-0,174483	-0,161186	-0,136655	-0,101710	-0,058644	-0,011377	0,034538	0,072150	0,093660	0,091395	0,059315									
					-0,157635	-0,134988	-0,107415	-0,081926	-0,062311	-0,050284	-0,046244	-0,049751	-0,059796	-0,074942	-0,093397	-0,113062	-0,131596	-0,146528	-0,155421	-0,156101	-0,146936	-0,127145	-0,097119	-0,058682	-0,015275	0,028037	0,064790	0,087672	0,089512	0,064800									
					-0,153151	-0,141256	-0,119635	-0,095952	-0,074783	-0,058689	-0,048914	-0,045816	-0,049096	-0,057926	-0,070994	-0,086554	-0,102489	-0,116429	-0,125923	-0,128681	-0,122866	-0,107422	-0,082397	-0,049228	-0,010915	0,027957	0,061455	0,082866	0,085705	0,065268									
					-0,138810	-0,139893	-0,126295	-0,106265	-0,085109	-0,066182	-0,051534	-0,042297	-0,038886	-0,041092	-0,048129	-0,058662	-0,070878	-0,082600	-0,091472	-0,095201	-0,091864	-0,080239	-0,060135	-0,032673	-0,000465	0,032381	0,060513	0,077933	0,079032	0,060208									
					-0,114486	-0,130604	-0,127123	-0,112768	-0,093465	-0,073276	-0,054989	-0,040466	-0,030810	-0,026441	-0,027120	-0,031980	-0,039583	-0,048040	-0,055190	-0,058857	-0,057147	-0,048782	-0,033430	-0,011975	0,013317	0,038818	0,059814	0,071147	0,068302	0,049085									
						-0,113193	-0,121686	-0,114984	-0,099484	-0,079827	-0,059438	-0,040831	-0,025755	-0,015240	-0,009612	-0,008506	-0,010926	-0,015350	-0,019919	-0,022675	-0,021865	-0,016265	-0,005489	0,009746	0,027491	0,044608	0,057099	0,060793	0,052506	0,031795									
						-0,087890	-0,109610	-0,112196	-0,102318	-0,085022	-0,064229	-0,043001	-0,023657	-0,007798	0,003694	0,010659	0,013605	0,013613	0,012161	0,010886	0,011303	0,014493	0,020813	0,029666	0,039402	0,047411	0,050509	0,045688	0,031365	0,009228									
						-0,055902	-0,091024	-0,103788	-0,100879	-0,087532	-0,067981	-0,045690	-0,023442	-0,003341	0,013214	0,025534	0,033616	0,038052	0,039867	0,040306	0,040562	0,041502	0,043397	0,045742	0,047198	0,045747	0,039149	0,025776	0,005956	-0,016064									
						-0,020274	-0,067279	-0,089830	-0,094316	-0,085887	-0,068856	-0,046906	-0,023135	-0,000043	0,020513	0,037355	0,049968	0,058432	0,063281	0,065312	0,065350	0,063996	0,061414	0,057191	0,050345	0,039555	0,023696	0,002778	-0,020594	-0,039132									
							-0,042007	-0,072006	-0,082804	-0,079134	-0,065109	-0,044386	-0,020193	0,004721	0,028153	0,048501	0,064776	0,076557	0,083882	0,087085	0,086600	0,082759	0,075626	0,064925	0,050121	0,030738	0,006991	-0,019155	-0,042396										
								-0,054907	-0,068688	-0,067847	-0,055952	-0,036344	-0,012135	0,013874	0,039283	0,062183	0,081192	0,095443	0,104511	0,108294	0,106863	0,100314	0,088672	0,071890	0,050025	0,023648	-0,005398	-0,032812											
									-0,058075	-0,055549	-0,042831	-0,022591	0,002479	0,029776	0,056915	0,081842	0,102917	0,118932	0,129088	0,132923	0,130223	0,120941	0,105175	0,083265	0,056060	0,025456													
												-0,006106	0,022635	0,052974	0,082810	0,110176	0,133364	0,150991	0,162033	0,165808	0,161955	0,150441	0,131622	0,106445															
														0,080455	0,115910	0,147730	0,174401	0,194606	0,207309	0,211818	0,207845																		
																																							
																																							
