Wavefront
Acquisition 	2015/07/10 16:08:58,743
Save 	2015/07/10 16:09:15,855

ASO Size : 40 x 32; ASO Step : 114,055138 um x 113,922546 um
Selection : Tilt X 0; Tilt Y 0; Focus 0; Astig 0° 1; Astig 45° 1; Coma 0° 1; Coma 90° 1; Spherical 1
Unity : Microns
Area Size : 40 x 32; Area Step : 114,055138 um x 113,922546 um
																																							
																																							
												-0,051680	-0,103642	-0,155815	-0,201143	-0,234412	-0,252797	-0,256154	-0,247043																				
									0,436140	0,404604	0,353583	0,290140	0,222532	0,158912	0,106319	0,069922	0,052503	0,054159	0,072251	0,101582	0,134851	0,163413	0,178380																
							0,632777	0,631752	0,607857	0,561816	0,498553	0,425389	0,350598	0,282230	0,227210	0,190636	0,175297	0,181377	0,206359	0,245150	0,290429	0,333282	0,364143	0,374115	0,356735														
							0,665393	0,657888	0,627885	0,576913	0,510178	0,434963	0,359328	0,291074	0,236923	0,201882	0,188789	0,198015	0,227340	0,272007	0,324984	0,377472	0,419699	0,442058	0,436666	0,399404													
						0,583546	0,595830	0,589139	0,560410	0,511573	0,447803	0,376092	0,304109	0,239278	0,188047	0,155312	0,143993	0,154728	0,185723	0,232746	0,289300	0,347015	0,396300	0,427308	0,431299	0,402457	0,340269												
						0,455560	0,473620	0,472632	0,450190	0,408307	0,351867	0,287379	0,221973	0,162595	0,115362	0,085043	0,074653	0,085158	0,115288	0,161476	0,217950	0,277014	0,329564	0,365896	0,376874	0,355546	0,299280	0,212538											
						0,306596	0,332683	0,340147	0,326919	0,294841	0,248313	0,193204	0,135997	0,083083	0,040202	0,011973	0,001519	0,010165	0,037230	0,079910	0,133297	0,190548	0,243282	0,282232	0,298240	0,283673	0,234338	0,152013											
						0,160461	0,195019	0,211849	0,208980	0,187897	0,152365	0,107511	0,059085	0,012869	-0,025814	-0,052514	-0,064004	-0,058584	-0,036311	0,000833	0,048885	0,101983	0,152633	0,192225	0,211866	0,203603	0,162139	0,087133	-0,013802										
						0,031825	0,073818	0,099429	0,106612	0,096360	0,071712	0,036976	-0,002881	-0,042727	-0,077683	-0,103488	-0,116827	-0,115628	-0,099321	-0,069043	-0,027769	0,019686	0,066820	0,105832	0,128298	0,126227	0,093579	0,028356	-0,064632										
					-0,127157	-0,071252	-0,023976	0,008681	0,024486	0,023866	0,009077	-0,016428	-0,048492	-0,082657	-0,114510	-0,140003	-0,155754	-0,159342	-0,149587	-0,126800	-0,092962	-0,051826	-0,008849	0,029063	0,054092	0,058410	0,035514	-0,017878	-0,099270										
					-0,201756	-0,145312	-0,095656	-0,058484	-0,036269	-0,029184	-0,035769	-0,053432	-0,078834	-0,108200	-0,137597	-0,163213	-0,181631	-0,190121	-0,186937	-0,171601	-0,145145	-0,110274	-0,071408	-0,034527	-0,006761	0,004353	-0,007944	-0,047921	-0,114996										
					-0,243340	-0,189982	-0,141230	-0,102517	-0,076564	-0,064130	-0,064532	-0,076021	-0,096060	-0,121552	-0,149057	-0,175022	-0,196033	-0,209106	-0,211992	-0,203492	-0,183756	-0,154508	-0,119171	-0,082814	-0,051863	-0,033485	-0,034552	-0,060093	-0,111114										
					-0,253665	-0,206902	-0,162360	-0,125189	-0,098318	-0,083043	-0,079407	-0,086462	-0,102440	-0,124910	-0,150927	-0,177222	-0,200434	-0,217385	-0,225403	-0,222665	-0,208531	-0,183836	-0,151088	-0,114507	-0,079835	-0,053842	-0,043427	-0,054209	-0,088508										
					-0,236171	-0,199048	-0,161708	-0,128954	-0,103846	-0,088133	-0,082512	-0,086767	-0,099857	-0,119987	-0,144710	-0,171068	-0,195800	-0,215611	-0,227501	-0,229128	-0,219185	-0,197737	-0,166488	-0,128898	-0,090088	-0,056445	-0,034847	-0,031379	-0,049455	-0,087198									
					-0,195595	-0,170373	-0,142608	-0,116656	-0,095596	-0,081524	-0,075689	-0,078525	-0,089657	-0,107897	-0,131287	-0,157205	-0,182545	-0,203977	-0,218278	-0,222712	-0,215437	-0,195891	-0,165106	-0,125901	-0,082862	-0,042040	-0,010276	0,005969	0,002372	-0,020767									
					-0,137828	-0,125703	-0,109003	-0,091505	-0,076168	-0,065301	-0,060586	-0,063014	-0,072800	-0,089322	-0,111103	-0,135880	-0,160759	-0,182460	-0,197647	-0,203326	-0,197267	-0,178433	-0,147336	-0,106288	-0,059446	-0,012592	0,027463	0,053950	0,061797	0,050005									
					-0,069918	-0,070799	-0,065561	-0,057238	-0,048512	-0,041753	-0,038942	-0,041513	-0,050196	-0,064881	-0,084559	-0,107349	-0,130622	-0,151236	-0,165860	-0,171375	-0,165323	-0,146348	-0,114603	-0,072035	-0,022492	0,028439	0,073959	0,107047	0,122031	0,116881									
					-0,000137	-0,012486	-0,017856	-0,018361	-0,016224	-0,013713	-0,012959	-0,015722	-0,023150	-0,035596	-0,052497	-0,072371	-0,092908	-0,111188	-0,124001	-0,128244	-0,121379	-0,101899	-0,069753	-0,026673	0,023688	0,075862	0,123042	0,158011	0,174657	0,170178									
					0,061993	0,041251	0,027461	0,019626	0,016172	0,015111	0,014317	0,011837	0,006198	-0,003351	-0,016671	-0,032687	-0,049459	-0,064371	-0,074442	-0,076717	-0,068731	-0,048979	-0,017362	0,024472	0,072949	0,122656	0,166772	0,197958	0,209821	0,199081									
						0,081322	0,062646	0,050140	0,043076	0,039935	0,038758	0,037533	0,034565	0,028776	0,019912	0,008634	-0,003527	-0,014332	-0,021132	-0,021243	-0,012408	0,006731	0,036185	0,074264	0,117386	0,160147	0,195727	0,216761	0,216776	0,192323									
						0,097867	0,079108	0,065687	0,057924	0,054955	0,055155	0,056596	0,057470	0,056444	0,052913	0,047124	0,040172	0,033853	0,030402	0,032121	0,040939	0,057945	0,082946	0,114113	0,147797	0,178583	0,199708	0,203914	0,184881	0,139359									
						0,080996	0,068068	0,058441	0,053688	0,053788	0,057620	0,063482	0,069568	0,074371	0,076980	0,077246	0,075806	0,073972	0,073491	0,076199	0,083601	0,096420	0,114176	0,134840	0,154666	0,168264	0,169020	0,149967	0,105236	0,032193									
						0,022097	0,021760	0,021364	0,023928	0,030464	0,040523	0,052775	0,065531	0,077200	0,086623	0,093280	0,097350	0,099633	0,101342	0,103789	0,107987	0,114237	0,121719	0,128192	0,129836	0,121366	0,096471	0,048729	-0,026923										
							-0,064652	-0,049977	-0,035464	-0,018894	0,000127	0,020782	0,041625	0,061076	0,077795	0,090932	0,100227	0,105965	0,108808	0,109514	0,108581	0,105863	0,100210	0,089198	0,069020	0,034637	-0,019727	-0,099629	-0,208878										
							-0,190291	-0,154708	-0,123652	-0,093517	-0,062913	-0,031992	-0,001834	0,026093	0,050353	0,069826	0,083850	0,092223	0,095070	0,092606	0,084831	0,071187	0,050250	0,019512	-0,024670	-0,086865	-0,172007	-0,284373											
									-0,231190	-0,184402	-0,140001	-0,097336	-0,056990	-0,020204	0,011583	0,037062	0,055239	0,065478	0,067421	0,060800	0,045183	0,019691	-0,017248	-0,068057	-0,135981	-0,224810													
											-0,209829	-0,154585	-0,103703	-0,058074	-0,019027	0,012043	0,033906	0,045588	0,046345	0,035535	0,012423	-0,024035	-0,075361	-0,143636															
														-0,049390	-0,003565	0,032747	0,058211	0,071652	0,072088	0,058670	0,030552																		
																																							
																																							
