Wavefront
Acquisition 	2015/07/10 16:40:46,864
Save 	2015/07/10 16:41:07,288

ASO Size : 40 x 32; ASO Step : 114,055138 um x 113,922546 um
Selection : Tilt X 0; Tilt Y 0; Focus 0; Astig 0° 1; Astig 45° 1; Coma 0° 1; Coma 90° 1; Spherical 1
Unity : Microns
Area Size : 40 x 32; Area Step : 114,055138 um x 113,922546 um
														-0,068943	-0,060101																								
											0,023126	0,025706	0,021862	0,015652	0,010640	0,009543	0,014042	0,024759	0,041318	0,062498	0,086386																		
								0,058088	0,089637	0,103777	0,103363	0,092627	0,076259	0,058707	0,043684	0,033869	0,030771	0,034750	0,045136	0,060427	0,078505	0,096833	0,112562	0,122487															
							0,088321	0,129267	0,150054	0,152523	0,140593	0,119198	0,093444	0,067961	0,046465	0,031498	0,024339	0,025059	0,032679	0,045413	0,060926	0,076587	0,089632	0,097201	0,096158														
							0,129556	0,161470	0,172329	0,165022	0,144155	0,115076	0,083080	0,052822	0,027912	0,010699	0,002209	0,002227	0,009490	0,021954	0,037093	0,052188	0,064541	0,071569	0,070701	0,059005	0,032482												
						0,093874	0,139398	0,163031	0,165786	0,151205	0,124272	0,090499	0,055193	0,022909	-0,002917	-0,020162	-0,028047	-0,027042	-0,018648	-0,005113	0,010894	0,026599	0,039381	0,046904	0,047081	0,037770	0,016158												
						0,087483	0,126041	0,143006	0,140001	0,120888	0,090760	0,055092	0,019059	-0,012977	-0,037802	-0,053524	-0,059591	-0,056676	-0,046458	-0,031319	-0,014005	0,002709	0,016306	0,024696	0,026222	0,019427	0,002502	-0,027650	-0,076836										
						0,064899	0,097692	0,110017	0,103758	0,082814	0,052162	0,017075	-0,017523	-0,047530	-0,069983	-0,083215	-0,086861	-0,081746	-0,069651	-0,053015	-0,034586	-0,017074	-0,002850	0,006253	0,008982	0,004480	-0,008201	-0,030952	-0,067929										
						0,033192	0,061717	0,071496	0,064381	0,044065	0,015228	-0,017202	-0,048644	-0,075308	-0,094499	-0,104756	-0,105865	-0,098736	-0,085182	-0,067617	-0,048712	-0,031046	-0,016791	-0,007501	-0,004040	-0,006729	-0,015772	-0,032045	-0,058326										
					-0,042892	-0,001587	0,024135	0,033267	0,027386	0,009783	-0,015319	-0,043449	-0,070443	-0,092866	-0,108297	-0,115466	-0,114263	-0,105628	-0,091332	-0,073689	-0,055218	-0,038296	-0,024849	-0,016123	-0,012600	-0,014111	-0,020221	-0,030952	-0,047941										
					-0,071624	-0,034715	-0,010609	-0,000607	-0,003605	-0,016877	-0,036783	-0,059403	-0,081054	-0,098687	-0,110161	-0,114378	-0,111298	-0,101833	-0,087653	-0,070901	-0,053875	-0,038691	-0,026979	-0,019654	-0,016818	-0,017853	-0,021769	-0,027882	-0,036893										
					-0,095674	-0,062872	-0,039644	-0,027764	-0,026759	-0,034593	-0,048317	-0,064636	-0,080398	-0,092972	-0,100501	-0,102045	-0,097603	-0,088022	-0,074811	-0,059890	-0,045279	-0,032781	-0,023693	-0,018574	-0,017152	-0,018398	-0,020844	-0,023225	-0,025490	-0,030302									
					-0,112556	-0,084045	-0,061511	-0,047330	-0,041773	-0,043598	-0,050619	-0,060234	-0,069867	-0,077324	-0,081045	-0,080244	-0,074936	-0,065872	-0,054367	-0,042071	-0,030686	-0,021667	-0,015944	-0,013713	-0,014335	-0,016402	-0,018046	-0,017528	-0,014216	-0,010001									
					-0,120805	-0,097310	-0,075886	-0,059595	-0,049527	-0,045297	-0,045547	-0,048412	-0,051928	-0,054368	-0,054480	-0,051633	-0,045855	-0,037782	-0,028513	-0,019407	-0,011818	-0,006831	-0,005000	-0,006150	-0,009291	-0,012680	-0,014109	-0,011476	-0,003710	0,007868									
					-0,119757	-0,102546	-0,083251	-0,065646	-0,051675	-0,041852	-0,035682	-0,032072	-0,029704	-0,027339	-0,024054	-0,019386	-0,013380	-0,006559	0,000199	0,005836	0,009348	0,010028	0,007701	0,002897	-0,003064	-0,008145	-0,009866	-0,005858	0,005256	0,022554									
					-0,109304	-0,100136	-0,084537	-0,066974	-0,050239	-0,035752	-0,023898	-0,014379	-0,006544	0,000327	0,006808	0,013172	0,019338	0,024881	0,029128	0,031313	0,030773	0,027166	0,020675	0,012169	0,003262	-0,003760	-0,006215	-0,001550	0,011798	0,033150									
					-0,089680	-0,090684	-0,080800	-0,065110	-0,047212	-0,029405	-0,012948	0,001654	0,014369	0,025377	0,034870	0,042905	0,049331	0,053792	0,055792	0,054825	0,050541	0,042933	0,032517	0,020459	0,008629	-0,000493	-0,004083	0,000511	0,014935	0,038626									
					-0,061298	-0,074800	-0,072954	-0,061330	-0,044238	-0,024801	-0,005118	0,013514	0,030370	0,045072	0,057401	0,067157	0,074082	0,077842	0,078076	0,074491	0,067006	0,055907	0,041993	0,026686	0,012056	0,000729	-0,004394	-0,000639	0,013638	0,037878									
					-0,024700	-0,052982	-0,061604	-0,056439	-0,042371	-0,023248	-0,001951	0,019463	0,039583	0,057456	0,072424	0,083991	0,091740	0,095307	0,094406	0,088902	0,078924	0,064990	0,048127	0,029958	0,012701	-0,000934	-0,008028	-0,005944	0,006882	0,029815									
					0,019370	-0,025622	-0,047000	-0,050686	-0,041948	-0,025222	-0,004076	0,018724	0,041104	0,061536	0,078896	0,092351	0,101274	0,105207	0,103873	0,097227	0,085536	0,069486	0,050268	0,029640	0,009910	-0,006181	-0,015748	-0,016248	-0,006246	0,013491									
						0,006821	-0,029138	-0,043809	-0,042596	-0,030339	-0,011163	0,011544	0,035088	0,057375	0,076802	0,092162	0,102563	0,107392	0,106309	0,099282	0,086645	0,069173	0,048153	0,025413	0,003298	-0,015476	-0,028098	-0,032156	-0,026373	-0,011679									
						0,043484	-0,008032	-0,035248	-0,043393	-0,037471	-0,021993	-0,000849	0,022718	0,046081	0,067157	0,084337	0,096419	0,102572	0,102324	0,095578	0,082657	0,064353	0,041977	0,017369	-0,007147	-0,028915	-0,045231	-0,053827	-0,053591	-0,045603									
						0,082552	0,015824	-0,024531	-0,043186	-0,045013	-0,034682	-0,016427	0,006068	0,029700	0,051926	0,070725	0,084551	0,092303	0,093310	0,087341	0,074633	0,055927	0,032494	0,006132	-0,020897	-0,046022	-0,066656	-0,080664	-0,087072	-0,087065									
						0,120505	0,040802	-0,011842	-0,041084	-0,051300	-0,047037	-0,032661	-0,012152	0,011004	0,033855	0,053981	0,069475	0,078928	0,081421	0,076528	0,064342	0,045490	0,021155	-0,006949	-0,036641	-0,065444	-0,090867	-0,110870	-0,124550	-0,133101									
							0,063273	0,001215	-0,037130	-0,055197	-0,057061	-0,046956	-0,028961	-0,006805	0,016234	0,037381	0,054381	0,065505	0,069552	0,065867	0,054351	0,035481	0,010319	-0,019519	-0,051935	-0,084519	-0,114827	-0,140835	-0,161596										
								0,010659	-0,033139	-0,056831	-0,063598	-0,057204	-0,041570	-0,020483	0,002587	0,024594	0,042982	0,055721	0,061334	0,058918	0,048171	0,029409	0,003567	-0,027820	-0,062705	-0,098682	-0,133264												
										-0,058491	-0,067103	-0,062440	-0,047939	-0,027194	-0,003679	0,019424	0,039353	0,053839	0,061164	0,060210	0,050492	0,032186	0,006143	-0,026138	-0,062577														
												-0,063607	-0,047406	-0,025011	0,000349	0,025559	0,047796	0,064669	0,074313	0,075465	0,067527	0,050611	0,025563																
														-0,013451	0,016709	0,046330	0,072752	0,093639	0,107130	0,111954	0,107529																		
																																							
																																							
																																							
