Wavefront
Acquisition 	2015/07/10 17:31:12,076
Save 	2015/07/10 17:31:27,591

ASO Size : 40 x 32; ASO Step : 114,055138 um x 113,922546 um
Selection : Tilt X 0; Tilt Y 0; Focus 0; Astig 0° 1; Astig 45° 1; Coma 0° 1; Coma 90° 1; Spherical 1
Unity : Microns
Area Size : 40 x 32; Area Step : 114,055138 um x 113,922546 um
																																							
														0,004699	-0,014528																								
										0,175746	0,144302	0,108911	0,072857	0,039319	0,010962	-0,010275	-0,023245	-0,027558	-0,023476	-0,011787	0,006316	0,029305																	
								0,250839	0,224286	0,190623	0,151525	0,109847	0,068770	0,031231	-0,000430	-0,024634	-0,040588	-0,048212	-0,048000	-0,040857	-0,027943	-0,010564	0,009875	0,031801															
							0,253462	0,231187	0,202236	0,166587	0,126221	0,084049	0,043136	0,006185	-0,024762	-0,048449	-0,064401	-0,072815	-0,074399	-0,070185	-0,061344	-0,049042	-0,034372	-0,018364	-0,002132	0,012840													
						0,220639	0,205607	0,186086	0,159522	0,126405	0,088936	0,050034	0,012629	-0,020800	-0,048481	-0,069440	-0,083469	-0,090996	-0,092908	-0,090341	-0,084483	-0,076410	-0,066987	-0,056853	-0,046523	-0,036620	-0,028262												
						0,155398	0,147022	0,133066	0,111710	0,083828	0,051749	0,018349	-0,013603	-0,041844	-0,064847	-0,081878	-0,092941	-0,098642	-0,099993	-0,098198	-0,094441	-0,089719	-0,084716	-0,079776	-0,074967	-0,070276	-0,065945												
						0,090346	0,089594	0,082467	0,067711	0,046450	0,021048	-0,005727	-0,031288	-0,053598	-0,071348	-0,084007	-0,091742	-0,095278	-0,095692	-0,094204	-0,091961	-0,089861	-0,088424	-0,087751	-0,087568	-0,087388	-0,086800	-0,085911	-0,085928										
						0,033181	0,039842	0,039722	0,031957	0,017790	-0,000477	-0,020250	-0,039167	-0,055421	-0,067914	-0,076281	-0,080811	-0,082288	-0,081800	-0,080524	-0,079519	-0,079553	-0,080973	-0,083658	-0,087053	-0,090304	-0,092520	-0,093163	-0,092573										
						-0,012376	0,000684	0,007005	0,005954	-0,001242	-0,012446	-0,025311	-0,037743	-0,048188	-0,055756	-0,060230	-0,061979	-0,061800	-0,060737	-0,059865	-0,060104	-0,062048	-0,065844	-0,071149	-0,077153	-0,082707	-0,086557	-0,087693	-0,085830										
					-0,065986	-0,045209	-0,027298	-0,015586	-0,010630	-0,011346	-0,015870	-0,022176	-0,028494	-0,033554	-0,036683	-0,037802	-0,037335	-0,036056	-0,034913	-0,034830	-0,036535	-0,040400	-0,046340	-0,053766	-0,061623	-0,068504	-0,072866	-0,073356	-0,069242										
					-0,088728	-0,065817	-0,044950	-0,029212	-0,019226	-0,014172	-0,012560	-0,012769	-0,013415	-0,013548	-0,012737	-0,011045	-0,008937	-0,007137	-0,006461	-0,007642	-0,011166	-0,017139	-0,025202	-0,034499	-0,043717	-0,051204	-0,055176	-0,054019	-0,046685										
					-0,097848	-0,075611	-0,053916	-0,035731	-0,021870	-0,011889	-0,004768	0,000626	0,005228	0,009613	0,013944	0,017998	0,021266	0,023086	0,022795	0,019888	0,014154	0,005791	-0,004530	-0,015655	-0,025995	-0,033652	-0,036625	-0,033090	-0,021771	-0,002398									
					-0,095026	-0,076405	-0,056178	-0,037297	-0,020861	-0,006903	0,005043	0,015542	0,025013	0,033603	0,041160	0,047276	0,051382	0,052874	0,051251	0,046250	0,037963	0,026921	0,014134	0,001086	-0,010339	-0,017990	-0,019652	-0,013321	0,002446	0,028116									
					-0,082043	-0,070057	-0,053732	-0,036064	-0,018509	-0,001643	0,014368	0,029452	0,043447	0,056014	0,066638	0,074685	0,079496	0,080509	0,077377	0,070081	0,059025	0,045088	0,029642	0,014518	0,001915	-0,005748	-0,006042	0,003203	0,023565	0,055646									
					-0,060508	-0,058196	-0,048329	-0,033955	-0,016917	0,001621	0,020812	0,039891	0,058053	0,074416	0,088050	0,098047	0,103620	0,104214	0,099613	0,090030	0,076172	0,059269	0,041062	0,023740	0,009828	0,002022	0,002973	0,015010	0,039830	0,078132									
					-0,031690	-0,042038	-0,041274	-0,032451	-0,017782	0,000978	0,022274	0,044612	0,066499	0,086459	0,103092	0,115164	0,121710	0,122140	0,116330	0,104695	0,088224	0,068482	0,047570	0,028033	0,012725	0,004624	0,006602	0,021151	0,050076	0,094155									
					0,003554	-0,022263	-0,033268	-0,032409	-0,022189	-0,004917	0,017159	0,041803	0,066808	0,090064	0,109653	0,123960	0,131790	0,132463	0,125899	0,112668	0,094003	0,071775	0,048417	0,026817	0,010145	0,001655	0,004439	0,021148	0,053694	0,102924									
					0,044728	0,001015	-0,024316	-0,033911	-0,030423	-0,016617	0,004621	0,030340	0,057617	0,083684	0,106068	0,122728	0,132179	0,133593	0,126876	0,112695	0,092473	0,068339	0,043022	0,019716	0,001883	-0,006964	-0,003526	0,015002	0,050632	0,104281									
					0,091501	0,028157	-0,013719	-0,036180	-0,041813	-0,033677	-0,015181	0,010074	0,038483	0,066625	0,091452	0,110455	0,121810	0,124481	0,118293	0,103942	0,082980	0,057728	0,031157	0,006718	-0,011874	-0,020881	-0,016818	0,003258	0,041452	0,098744									
						0,059729	-0,000216	-0,037614	-0,054674	-0,054508	-0,040877	-0,017904	0,010197	0,039391	0,066056	0,087199	0,100612	0,104995	0,100023	0,086354	0,065587	0,040166	0,013233	-0,011569	-0,030325	-0,039120	-0,034319	-0,012866	0,027423	0,087586									
						0,095983	0,017652	-0,036002	-0,066394	-0,076366	-0,069772	-0,051075	-0,024965	0,003984	0,031620	0,054463	0,069900	0,076321	0,073187	0,061041	0,041453	0,016906	-0,009371	-0,033615	-0,051787	-0,059850	-0,054071	-0,031319	0,010645	0,072906									
						0,136001	0,040883	-0,029009	-0,073771	-0,095540	-0,097925	-0,085463	-0,063130	-0,035903	-0,008388	0,015488	0,032706	0,041313	0,040508	0,030647	0,013190	-0,009430	-0,033983	-0,056680	-0,073435	-0,080167	-0,073104	-0,049090	-0,005870	0,057674									
							0,068926	-0,015058	-0,073694	-0,107870	-0,120506	-0,115864	-0,098936	-0,074907	-0,048702	-0,024618	-0,006047	0,004713	0,006559	-0,000395	-0,014879	-0,034595	-0,056411	-0,076601	-0,091128	-0,095951	-0,087336	-0,062163	-0,018203	0,045661									
							0,098053	0,005299	-0,064297	-0,109698	-0,132574	-0,136460	-0,126008	-0,106341	-0,082505	-0,059036	-0,039623	-0,026882	-0,022225	-0,025825	-0,036664	-0,052665	-0,070884	-0,087761	-0,099404	-0,101907	-0,091657	-0,065644	-0,021722										
								0,027337	-0,046737	-0,099401	-0,130388	-0,141938	-0,137907	-0,122995	-0,102098	-0,079795	-0,059945	-0,045408	-0,037884	-0,037845	-0,044576	-0,056288	-0,070314	-0,083355	-0,091768	-0,091878	-0,080290												
										-0,079670	-0,113439	-0,129298	-0,129732	-0,118558	-0,100165	-0,078902	-0,058603	-0,042251	-0,031763	-0,027895	-0,030250	-0,037382	-0,046974	-0,056077	-0,061395														
												-0,100499	-0,100533	-0,089823	-0,071787	-0,050187	-0,028565	-0,009834	0,003993	0,011940	0,014100	0,011554	0,006215																
														-0,039863	-0,017406	0,007921	0,033225	0,055931	0,074113	0,086699																			
																																							
																																							
																																							
