Wavefront
Acquisition 	2015/07/10 15:51:47,537
Save 	2015/07/10 15:51:58,674

ASO Size : 40 x 32; ASO Step : 114,055138 um x 113,922546 um
Selection : Tilt X 0; Tilt Y 0; Focus 0; Astig 0° 1; Astig 45° 1; Coma 0° 1; Coma 90° 1; Spherical 1
Unity : Microns
Area Size : 40 x 32; Area Step : 114,055138 um x 113,922546 um
																																							
																																							
														-0,088743																									
										0,128009	0,081820	0,035417	-0,007903	-0,044967	-0,073241	-0,091142	-0,098182	-0,095007	-0,083350	-0,065919	-0,046241																		
								0,230686	0,196128	0,155777	0,111384	0,066142	0,023657	-0,012762	-0,040545	-0,058119	-0,065028	-0,061953	-0,050662	-0,033921	-0,015357	0,000717	0,009543	0,006236															
							0,255580	0,233738	0,204507	0,167863	0,126252	0,083262	0,042692	0,007932	-0,018425	-0,034791	-0,040683	-0,036723	-0,024607	-0,007023	0,012451	0,029487	0,039186	0,036353	0,015863														
							0,238308	0,223793	0,199844	0,167270	0,128991	0,088833	0,050691	0,017979	-0,006693	-0,021702	-0,026478	-0,021513	-0,008325	0,010595	0,031856	0,051261	0,063944	0,064577	0,047683	0,008116													
						0,211033	0,212028	0,204122	0,185319	0,156995	0,122348	0,085301	0,049753	0,019099	-0,004050	-0,018014	-0,022097	-0,016588	-0,002744	0,017242	0,040285	0,062453	0,079061	0,084811	0,074058	0,041209	-0,018630												
						0,171090	0,179714	0,177786	0,163992	0,140034	0,109213	0,075421	0,042479	0,013714	-0,008277	-0,021746	-0,025833	-0,020578	-0,006907	0,013372	0,037573	0,062145	0,082703	0,094131	0,090769	0,066768	0,016662	-0,063771											
						0,129038	0,144072	0,147605	0,138732	0,119272	0,092465	0,062059	0,031718	0,004653	-0,016571	-0,030136	-0,035002	-0,030920	-0,018435	0,001089	0,025444	0,051544	0,075414	0,092232	0,096469	0,082181	0,043521	-0,024449	-0,124565										
						0,087074	0,107470	0,116051	0,112077	0,097297	0,074746	0,047923	0,020258	-0,005197	-0,025939	-0,040089	-0,046419	-0,044373	-0,034088	-0,016438	0,006895	0,033358	0,059460	0,080773	0,092015	0,087287	0,060538	0,006319	-0,079067										
					0,015320	0,047029	0,071850	0,085127	0,086075	0,076207	0,058226	0,035285	0,010511	-0,013255	-0,033604	-0,048617	-0,056887	-0,057549	-0,050321	-0,035573	-0,014428	0,011129	0,038151	0,062672	0,079751	0,083656	0,068284	0,027869	-0,041911										
					-0,024135	0,010309	0,038647	0,056266	0,062155	0,057450	0,044411	0,025754	0,004240	-0,017557	-0,037360	-0,053240	-0,063636	-0,067392	-0,063817	-0,052778	-0,034838	-0,011393	0,015178	0,041422	0,062808	0,073871	0,068590	0,041056	-0,013448										
					-0,057621	-0,022129	0,008757	0,030280	0,041058	0,041727	0,034009	0,020110	0,002356	-0,016996	-0,035850	-0,052307	-0,064689	-0,071583	-0,071919	-0,065090	-0,051112	-0,030804	-0,005968	0,020480	0,044467	0,060875	0,063876	0,047582	0,007094										
					-0,084505	-0,049750	-0,017441	0,007378	0,022835	0,028974	0,026898	0,018237	0,004826	-0,011451	-0,028729	-0,045192	-0,059095	-0,068818	-0,072960	-0,070484	-0,060901	-0,044481	-0,022466	0,002768	0,027632	0,047413	0,056579	0,049406	0,021015										
					-0,104424	-0,072367	-0,039994	-0,012744	0,006941	0,018442	0,022187	0,019175	0,010696	-0,001790	-0,016705	-0,032372	-0,047042	-0,058951	-0,066436	-0,068090	-0,062978	-0,050874	-0,032494	-0,009693	0,014434	0,035620	0,048711	0,048283	0,029667										
					-0,117179	-0,090002	-0,059224	-0,030734	-0,007594	0,008874	0,018387	0,021269	0,018227	0,010246	-0,001438	-0,015353	-0,029815	-0,042994	-0,053039	-0,058256	-0,057342	-0,049639	-0,035395	-0,015979	0,006003	0,026755	0,041572	0,045452	0,034130	0,005645									
					-0,122626	-0,102736	-0,075530	-0,047360	-0,021919	-0,001238	0,013670	0,022439	0,025156	0,022291	0,014681	0,003530	-0,009619	-0,022954	-0,034530	-0,042458	-0,045154	-0,041614	-0,031687	-0,016303	0,002397	0,021104	0,035625	0,041496	0,035038	0,014950									
					-0,120570	-0,110534	-0,089168	-0,063249	-0,037066	-0,013337	0,006211	0,020519	0,029040	0,031695	0,028875	0,021449	0,010740	-0,001548	-0,013471	-0,023050	-0,028520	-0,028626	-0,022897	-0,011886	0,002702	0,018053	0,030539	0,036352	0,032583	0,018856									
					-0,110705	-0,113117	-0,100052	-0,078627	-0,053646	-0,028451	-0,005437	0,013666	0,027681	0,035960	0,038409	0,035502	0,028267	0,018209	0,007165	-0,002897	-0,010144	-0,013166	-0,011264	-0,004679	0,005284	0,016311	0,025393	0,029493	0,026663	0,017731									
					-0,092667	-0,109903	-0,107616	-0,093107	-0,071569	-0,046860	-0,021966	0,000769	0,019562	0,033198	0,041070	0,043209	0,040277	0,033490	0,024483	0,015101	0,007138	0,002052	0,000684	0,003038	0,008169	0,014269	0,019007	0,020240	0,017181	0,012151									
						-0,100104	-0,110794	-0,105577	-0,089850	-0,067834	-0,042983	-0,018169	0,004276	0,022593	0,035656	0,043018	0,044914	0,042195	0,036198	0,028543	0,020880	0,014615	0,010644	0,009150	0,009519	0,010460	0,010388	0,008187	0,004447	0,003296									
						-0,083019	-0,108198	-0,114264	-0,106571	-0,089499	-0,066802	-0,041749	-0,017133	0,004796	0,022410	0,034772	0,041648	0,043461	0,041167	0,036068	0,029576	0,022954	0,017075	0,012244	0,008162	0,004076	-0,000770	-0,006310	-0,010340	-0,006592									
						-0,058627	-0,098557	-0,117038	-0,119068	-0,108918	-0,090422	-0,067073	-0,041990	-0,017830	0,003329	0,020072	0,031681	0,038104	0,039856	0,037845	0,033166	0,026863	0,019721	0,012136	0,004113	-0,004512	-0,013565	-0,021622	-0,024597										
						-0,028562	-0,081527	-0,112064	-0,124433	-0,122462	-0,109783	-0,089884	-0,066037	-0,041169	-0,017722	0,002456	0,018178	0,028904	0,034667	0,035934	0,033423	0,027907	0,020048	0,010311	-0,000965	-0,013292	-0,025429	-0,034384	-0,033890										
							-0,058950	-0,098885	-0,120433	-0,126572	-0,120387	-0,105071	-0,083813	-0,059629	-0,035196	-0,012700	0,006250	0,020647	0,030041	0,034437	0,034152	0,029663	0,021500	0,010219	-0,003462	-0,018289	-0,031789	-0,039152	-0,031585										
								-0,080053	-0,106952	-0,119031	-0,118404	-0,107613	-0,089465	-0,066831	-0,042431	-0,018652	0,002573	0,019835	0,032240	0,039350	0,041093	0,037671	0,029508	0,017305	0,002262	-0,013463	-0,025943												
										-0,100837	-0,102363	-0,094103	-0,078118	-0,056822	-0,032732	-0,008241	0,014552	0,033949	0,048701	0,057999	0,061442	0,059019	0,051126	0,038716	0,023609														
											-0,075571	-0,064968	-0,047897	-0,025936	-0,001077	0,024549	0,048892	0,070146	0,086852	0,097957	0,102854	0,101434	0,094204	0,082528															
														0,024558	0,053426	0,082299	0,109467	0,133266	0,152247	0,165309																			
																																							
																																							
