Wavefront
Acquisition 	2015/07/10 17:32:06,986
Save 	2015/07/10 17:32:19,427

ASO Size : 40 x 32; ASO Step : 114,055138 um x 113,922546 um
Selection : Tilt X 0; Tilt Y 0; Focus 0; Astig 0° 1; Astig 45° 1; Coma 0° 1; Coma 90° 1; Spherical 1
Unity : Microns
Area Size : 40 x 32; Area Step : 114,055138 um x 113,922546 um
																																							
														0,007086	-0,013614																								
										0,181155	0,144681	0,106938	0,070015	0,036326	0,008093	-0,012957	-0,025728	-0,029770	-0,025208	-0,012638	0,006956	0,032215																	
								0,259341	0,224645	0,187281	0,147097	0,105685	0,065424	0,028783	-0,002122	-0,025782	-0,041380	-0,048756	-0,048282	-0,040714	-0,027042	-0,008416	0,013826	0,037945															
							0,260795	0,230203	0,197688	0,161279	0,121586	0,080638	0,040994	0,005123	-0,025000	-0,048093	-0,063617	-0,071692	-0,072946	-0,068317	-0,058860	-0,045619	-0,029598	-0,011894	0,005958	0,021361													
						0,230895	0,206002	0,181940	0,154069	0,121352	0,084976	0,047270	0,010890	-0,021749	-0,048828	-0,069286	-0,082836	-0,089853	-0,091193	-0,087962	-0,081297	-0,072190	-0,061415	-0,049598	-0,037494	-0,026520	-0,019605												
						0,159916	0,144975	0,128354	0,106530	0,079174	0,047876	0,015143	-0,016356	-0,044300	-0,067035	-0,083705	-0,094238	-0,099218	-0,099682	-0,096868	-0,091977	-0,085960	-0,079419	-0,072621	-0,065725	-0,059233	-0,054756												
						0,092608	0,087036	0,078007	0,062849	0,041732	0,016485	-0,010326	-0,036093	-0,058630	-0,076454	-0,088890	-0,096042	-0,098649	-0,097868	-0,095018	-0,091317	-0,087664	-0,084502	-0,081810	-0,079273	-0,076681	-0,074615	-0,075465											
						0,034804	0,037508	0,035674	0,027240	0,012678	-0,006101	-0,026587	-0,046306	-0,063247	-0,076104	-0,084365	-0,088269	-0,088652	-0,086729	-0,083832	-0,081144	-0,079471	-0,079092	-0,079724	-0,080660	-0,081123	-0,080884	-0,081205	-0,086160										
						-0,010676	-0,001148	0,003434	0,001395	-0,006682	-0,018947	-0,033057	-0,046752	-0,058233	-0,066386	-0,070847	-0,071951	-0,070582	-0,067948	-0,065326	-0,063804	-0,064043	-0,066129	-0,069521	-0,073169	-0,075826	-0,076622	-0,075936	-0,076630										
					-0,057880	-0,043116	-0,028462	-0,018515	-0,014762	-0,016678	-0,022618	-0,030513	-0,038389	-0,044712	-0,048576	-0,049759	-0,048667	-0,046182	-0,043450	-0,041634	-0,041656	-0,043983	-0,048466	-0,054294	-0,060091	-0,064211	-0,065264	-0,062936	-0,059154										
					-0,080682	-0,063198	-0,045306	-0,031250	-0,022509	-0,018767	-0,018714	-0,020660	-0,022999	-0,024509	-0,024522	-0,022962	-0,020289	-0,017351	-0,015184	-0,014779	-0,016840	-0,021580	-0,028577	-0,036722	-0,044322	-0,049368	-0,050041	-0,045486	-0,036905										
					-0,089854	-0,072464	-0,053381	-0,036651	-0,023893	-0,015137	-0,009523	-0,005842	-0,002931	0,000060	0,003526	0,007381	0,011116	0,013935	0,014946	0,013374	0,008780	0,001250	-0,008475	-0,018966	-0,028204	-0,033844	-0,033701	-0,026489	-0,012867										
					-0,087280	-0,072880	-0,054804	-0,037015	-0,021384	-0,008398	0,002249	0,011198	0,019089	0,026340	0,033030	0,038884	0,043331	0,045635	0,045063	0,041085	0,033563	0,022918	0,010241	-0,002693	-0,013529	-0,019602	-0,018408	-0,008320	0,010413	0,034317									
					-0,074943	-0,066491	-0,051773	-0,034733	-0,017567	-0,001303	0,013731	0,027528	0,040135	0,051476	0,061262	0,068992	0,074010	0,075628	0,073276	0,066676	0,056010	0,042058	0,026283	0,010823	-0,001625	-0,008089	-0,005782	0,007200	0,030900	0,062217									
					-0,054658	-0,055132	-0,046267	-0,031991	-0,014858	0,003523	0,022132	0,040253	0,057277	0,072572	0,085430	0,095077	0,100737	0,101742	0,097668	0,088484	0,074694	0,057442	0,038570	0,020588	0,006529	-0,000337	0,003030	0,018747	0,047064	0,085117									
					-0,027893	-0,040213	-0,039804	-0,030515	-0,015231	0,003856	0,025007	0,046761	0,067802	0,086893	0,102851	0,114576	0,121127	0,121817	0,116336	0,104876	0,088243	0,067935	0,046166	0,025806	0,010219	0,002951	0,007260	0,025430	0,057839	0,101748									
					0,004310	-0,022576	-0,033247	-0,031335	-0,019964	-0,001863	0,020530	0,044996	0,069488	0,092119	0,111181	0,125200	0,133014	0,133866	0,127514	0,114333	0,095396	0,072524	0,048278	0,025866	0,008957	0,001346	0,006476	0,026744	0,062587	0,111300									
					0,041292	-0,002453	-0,026692	-0,034615	-0,029421	-0,014267	0,007774	0,033753	0,060892	0,086630	0,108699	0,125199	0,134690	0,136290	0,129767	0,115620	0,095141	0,070428	0,044343	0,020396	0,002519	-0,005278	0,000585	0,022569	0,061107	0,113440									
					0,082548	0,020426	-0,019476	-0,039577	-0,042907	-0,032869	-0,013049	0,012951	0,041651	0,069825	0,094621	0,113674	0,125214	0,128170	0,122256	0,108032	0,086940	0,061292	0,034195	0,009402	-0,008939	-0,016659	-0,010092	0,013234	0,053680	0,108359									
						0,046535	-0,010346	-0,044565	-0,058635	-0,055947	-0,040407	-0,016142	0,012751	0,042415	0,069417	0,090903	0,104732	0,109587	0,105056	0,091688	0,070999	0,045441	0,018291	-0,006522	-0,024704	-0,031989	-0,024683	-0,000372	0,041174	0,096865									
						0,075980	0,002123	-0,047315	-0,073881	-0,080594	-0,071410	-0,050783	-0,023295	0,006649	0,035073	0,058635	0,074795	0,081940	0,079471	0,067845	0,048576	0,024167	-0,002016	-0,025953	-0,043279	-0,049710	-0,041594	-0,016641	0,025177	0,080500									
						0,107586	0,018810	-0,045511	-0,085381	-0,102983	-0,101961	-0,086818	-0,062418	-0,033582	-0,004747	0,020291	0,038590	0,048210	0,048308	0,039183	0,022259	0,000005	-0,024218	-0,046388	-0,062161	-0,067313	-0,058319	-0,033085	0,008142	0,061665									
						0,137533	0,038906	-0,037719	-0,090086	-0,118959	-0,127197	-0,118985	-0,099194	-0,072854	-0,044733	-0,019000	0,001032	0,013088	0,016046	0,009986	-0,003834	-0,023067	-0,044449	-0,064054	-0,077651	-0,081171	-0,071298	-0,046214	-0,006513	0,043701									
							0,058263	-0,024796	-0,086354	-0,125031	-0,142312	-0,141590	-0,127371	-0,104618	-0,078227	-0,052609	-0,031372	-0,017096	-0,011192	-0,013843	-0,024016	-0,039567	-0,057418	-0,073835	-0,084797	-0,086479	-0,075867	-0,051502	-0,014394										
								-0,011913	-0,075714	-0,119908	-0,143878	-0,149632	-0,140834	-0,122011	-0,097907	-0,072975	-0,050987	-0,034755	-0,025954	-0,025037	-0,031240	-0,042685	-0,056560	-0,069408	-0,077510	-0,077383	-0,066395												
										-0,106684	-0,131788	-0,140524	-0,135122	-0,119192	-0,096959	-0,072636	-0,049962	-0,031849	-0,020160	-0,015591	-0,017660	-0,024790	-0,034497	-0,043675	-0,048988														
												-0,116543	-0,109637	-0,093343	-0,070882	-0,045862	-0,021703	-0,001217	0,013678	0,022119	0,024341	0,021613	0,016061																
														-0,047465	-0,020065	0,008981	0,036945	0,061401	0,080581	0,093596																			
																																							
																																							
																																							
