Wavefront
Acquisition 	2015/07/10 15:54:33,239
Save 	2015/07/10 15:54:35,464

ASO Size : 40 x 32; ASO Step : 114,055138 um x 113,922546 um
Selection : Tilt X 0; Tilt Y 0; Focus 0; Astig 0° 1; Astig 45° 1
Unity : Microns
Area Size : 40 x 32; Area Step : 114,055138 um x 113,922546 um
																																							
																																							
														-0,173004																									
										0,051538	0,002883	-0,042290	-0,081328	-0,098402	-0,103639	-0,110218	-0,097652	-0,077960	-0,072170	-0,074027	-0,068429																		
								0,194526	0,158340	0,107501	0,053357	0,003899	-0,034873	-0,061664	-0,077989	-0,088175	-0,083955	-0,066938	-0,052334	-0,042237	-0,031613	-0,018022	0,004953																
							0,180504	0,188725	0,172553	0,126426	0,076984	0,029631	-0,004911	-0,030853	-0,048740	-0,059174	-0,059622	-0,049227	-0,032869	-0,017196	-0,003382	0,010569	0,025400	0,030720	0,031053														
							0,162496	0,179298	0,175723	0,134053	0,087306	0,039683	0,006146	-0,016504	-0,031599	-0,037723	-0,034115	-0,025497	-0,014381	0,001280	0,019329	0,035920	0,048984	0,058722	0,055519	0,035075													
						0,131959	0,145278	0,160910	0,159204	0,126372	0,082961	0,038597	0,004240	-0,017408	-0,029811	-0,029451	-0,020795	-0,013992	-0,005750	0,009005	0,028612	0,050908	0,070535	0,080179	0,079721	0,061256	0,016836												
						0,092789	0,112444	0,126689	0,123070	0,100063	0,062526	0,024518	-0,002895	-0,023223	-0,035772	-0,038351	-0,029882	-0,022181	-0,017666	-0,004752	0,015843	0,042254	0,068472	0,087435	0,094262	0,080783	0,041402	-0,034007											
						0,046953	0,072656	0,091045	0,084946	0,068530	0,039027	0,002697	-0,020444	-0,038697	-0,054141	-0,058757	-0,052445	-0,046615	-0,041413	-0,029562	-0,008841	0,018212	0,049690	0,077562	0,094306	0,092444	0,060855	-0,006173	-0,116086										
						-0,009976	0,035287	0,058623	0,053486	0,034421	0,008014	-0,020136	-0,039756	-0,057227	-0,073382	-0,079152	-0,076171	-0,074940	-0,070173	-0,056548	-0,034948	-0,007148	0,028064	0,063549	0,084467	0,089801	0,071024	0,019151	-0,081347										
					-0,127160	-0,068133	-0,008316	0,025264	0,019928	0,000097	-0,023942	-0,039894	-0,054045	-0,069118	-0,084706	-0,093438	-0,099009	-0,100557	-0,098803	-0,086230	-0,062294	-0,032640	0,005208	0,044912	0,070369	0,078170	0,068184	0,037857	-0,044929										
					-0,150170	-0,107135	-0,047576	-0,015285	-0,013624	-0,027627	-0,045993	-0,055896	-0,065669	-0,074945	-0,088742	-0,104512	-0,117104	-0,123002	-0,123773	-0,110558	-0,087458	-0,060349	-0,022432	0,018627	0,048662	0,061388	0,058544	0,042443	-0,023135										
					-0,140591	-0,120775	-0,070166	-0,039012	-0,035712	-0,040769	-0,049659	-0,060310	-0,067304	-0,073156	-0,086413	-0,106183	-0,123901	-0,135543	-0,137108	-0,127528	-0,110652	-0,091124	-0,057811	-0,014191	0,021095	0,038480	0,044262	0,037953	-0,009850										
					-0,136585	-0,122539	-0,078787	-0,049913	-0,041699	-0,039701	-0,045317	-0,056142	-0,059499	-0,063584	-0,076978	-0,098160	-0,118517	-0,134890	-0,144803	-0,141869	-0,129143	-0,110440	-0,080021	-0,039356	-0,003378	0,019839	0,029809	0,031309	0,001507										
					-0,134219	-0,124380	-0,087692	-0,060426	-0,045698	-0,037139	-0,041617	-0,050865	-0,050516	-0,050979	-0,064792	-0,088401	-0,110935	-0,129791	-0,148067	-0,151758	-0,137945	-0,115628	-0,087055	-0,053942	-0,020051	0,006685	0,021185	0,027371	0,007323										
					-0,141697	-0,137307	-0,102436	-0,075059	-0,058416	-0,048848	-0,047560	-0,047787	-0,042361	-0,040867	-0,056262	-0,084684	-0,107742	-0,127595	-0,146461	-0,153713	-0,139879	-0,115385	-0,090994	-0,062528	-0,030292	-0,002977	0,014794	0,020989	0,013724	0,015384									
					-0,157030	-0,158149	-0,127921	-0,099455	-0,081332	-0,069939	-0,063015	-0,054698	-0,045394	-0,041456	-0,055122	-0,080018	-0,103834	-0,122677	-0,143150	-0,151329	-0,138044	-0,113077	-0,091223	-0,067881	-0,041100	-0,015826	0,001146	0,011189	0,008795	0,011190									
					-0,167162	-0,172903	-0,148620	-0,125522	-0,107363	-0,091519	-0,078909	-0,066255	-0,051958	-0,045415	-0,049206	-0,063273	-0,082314	-0,100839	-0,123870	-0,135649	-0,126095	-0,106010	-0,087158	-0,071489	-0,053298	-0,033123	-0,014839	-0,004823	-0,004289	-0,011591									
					-0,170508	-0,179322	-0,163495	-0,148337	-0,131752	-0,113680	-0,097327	-0,079363	-0,059391	-0,042880	-0,033958	-0,038863	-0,052468	-0,070090	-0,091664	-0,106908	-0,104346	-0,091887	-0,078365	-0,067893	-0,060901	-0,047348	-0,030355	-0,024511	-0,026969	-0,044363									
					-0,178771	-0,184002	-0,174802	-0,164709	-0,152011	-0,133534	-0,114569	-0,096645	-0,073336	-0,046104	-0,028222	-0,028759	-0,036724	-0,051212	-0,066566	-0,080349	-0,087058	-0,080758	-0,071630	-0,066018	-0,064254	-0,058616	-0,050654	-0,045451	-0,050914	-0,073257									
						-0,178583	-0,179824	-0,175882	-0,166698	-0,153517	-0,137964	-0,120716	-0,091752	-0,057944	-0,039785	-0,034638	-0,036754	-0,041291	-0,050752	-0,063973	-0,072113	-0,074633	-0,071455	-0,069039	-0,070877	-0,070446	-0,068939	-0,069893	-0,074696	-0,091770									
						-0,155703	-0,173581	-0,176886	-0,174595	-0,167979	-0,159879	-0,142268	-0,109174	-0,074650	-0,052458	-0,044990	-0,041942	-0,041099	-0,045796	-0,055535	-0,063521	-0,067377	-0,068258	-0,069390	-0,073277	-0,079729	-0,087892	-0,095077	-0,099319	-0,110790									
						-0,120524	-0,154264	-0,167836	-0,173497	-0,176648	-0,174225	-0,156581	-0,124263	-0,090644	-0,067734	-0,055435	-0,049695	-0,047370	-0,050200	-0,056743	-0,060847	-0,063384	-0,065627	-0,069686	-0,078221	-0,089471	-0,104710	-0,113123	-0,113084										
						-0,080278	-0,129146	-0,153037	-0,167868	-0,177173	-0,178851	-0,166616	-0,140203	-0,106440	-0,081670	-0,067019	-0,056933	-0,053378	-0,052343	-0,057392	-0,060369	-0,062984	-0,067638	-0,073714	-0,082431	-0,097338	-0,112864	-0,123354	-0,118582										
							-0,106591	-0,134182	-0,160456	-0,179152	-0,183479	-0,174484	-0,151518	-0,120708	-0,092906	-0,075377	-0,064006	-0,052838	-0,048562	-0,050286	-0,053351	-0,059409	-0,068641	-0,075803	-0,084820	-0,098538	-0,112113	-0,124377	-0,114956										
								-0,111129	-0,155777	-0,185713	-0,194526	-0,183668	-0,159092	-0,129914	-0,103165	-0,083490	-0,067299	-0,050823	-0,039078	-0,038565	-0,044973	-0,054323	-0,065528	-0,077503	-0,085899	-0,096628	-0,113475												
										-0,167006	-0,179937	-0,172670	-0,148557	-0,123179	-0,098144	-0,075404	-0,054100	-0,034657	-0,019067	-0,016330	-0,026174	-0,035387	-0,045715	-0,062240	-0,074094														
											-0,134453	-0,133124	-0,121169	-0,099536	-0,071920	-0,047064	-0,022736	-0,001448	0,018857	0,023072	0,015593	0,009921	0,007741																
														-0,054553	-0,020558	0,006711	0,028903	0,052693	0,075456	0,079288																			
																																							
																																							
