Wavefront
Acquisition 	2015/07/10 15:53:45,161
Save 	2015/07/10 15:53:47,627

ASO Size : 40 x 32; ASO Step : 114,055138 um x 113,922546 um
Selection : Tilt X 0; Tilt Y 0; Focus 0; Astig 0° 1; Astig 45° 1
Unity : Microns
Area Size : 40 x 32; Area Step : 114,055138 um x 113,922546 um
																																							
																																							
														-0,144966																									
										0,092164	0,040654	-0,006988	-0,044741	-0,060985	-0,064036	-0,067013	-0,058741	-0,048706	-0,050009	-0,042585	-0,029790																		
								0,205024	0,170905	0,126213	0,081308	0,031867	-0,006154	-0,026873	-0,038943	-0,048286	-0,043013	-0,032070	-0,021358	-0,013645	-0,006412	0,004738	0,024608																
							0,193915	0,203876	0,176647	0,137173	0,097127	0,054715	0,022881	0,000512	-0,016870	-0,027172	-0,025797	-0,015661	-0,001288	0,009618	0,019134	0,030313	0,042921	0,043860	0,045033														
							0,179523	0,191422	0,177734	0,138310	0,098104	0,058496	0,030021	0,010512	-0,005282	-0,012486	-0,007028	0,002045	0,012431	0,026411	0,040744	0,052693	0,063842	0,070644	0,069125	0,033928													
						0,133450	0,157929	0,172746	0,161603	0,127992	0,087659	0,050352	0,020611	0,003884	-0,005768	-0,006833	0,002374	0,011119	0,019003	0,030415	0,046376	0,064229	0,081363	0,088407	0,088587	0,060668	0,007292												
						0,093514	0,123033	0,135460	0,127091	0,102213	0,067032	0,032873	0,007957	-0,007279	-0,014350	-0,016220	-0,008358	-0,000137	0,003670	0,011683	0,026868	0,049940	0,072871	0,090446	0,093656	0,076019	0,034715	-0,041265											
						0,047128	0,083125	0,098442	0,090767	0,070723	0,043200	0,010440	-0,010747	-0,025270	-0,035445	-0,037769	-0,033468	-0,029517	-0,026492	-0,018364	-0,002718	0,020578	0,048875	0,074983	0,088017	0,084841	0,053663	-0,014867	-0,135365										
						-0,006153	0,037401	0,061225	0,056405	0,035474	0,012167	-0,012123	-0,028990	-0,043905	-0,056454	-0,059871	-0,060431	-0,060611	-0,058446	-0,049002	-0,032130	-0,008711	0,022561	0,056326	0,078528	0,082527	0,065492	0,015175	-0,088689										
					-0,119670	-0,062561	-0,011831	0,021119	0,019081	0,000243	-0,020470	-0,032595	-0,043944	-0,056563	-0,070550	-0,077204	-0,083800	-0,087955	-0,089662	-0,080892	-0,060193	-0,035315	-0,001305	0,036465	0,061870	0,071903	0,061624	0,031392	-0,049165										
					-0,146067	-0,107023	-0,052883	-0,021812	-0,016468	-0,026718	-0,040912	-0,049837	-0,057543	-0,062104	-0,074413	-0,090867	-0,103594	-0,113103	-0,117750	-0,106700	-0,086274	-0,062773	-0,028919	0,009793	0,039470	0,055002	0,051013	0,032535	-0,033911										
					-0,148051	-0,125108	-0,077851	-0,046973	-0,038553	-0,039365	-0,044409	-0,053670	-0,058018	-0,058588	-0,070095	-0,092571	-0,112862	-0,128691	-0,132087	-0,125446	-0,110682	-0,094290	-0,064170	-0,021961	0,013637	0,032249	0,036956	0,028414	-0,022087										
					-0,149288	-0,129649	-0,087915	-0,057818	-0,043693	-0,037295	-0,040424	-0,047607	-0,047070	-0,045159	-0,057790	-0,083972	-0,107103	-0,127723	-0,139008	-0,139150	-0,130288	-0,113577	-0,086207	-0,045767	-0,008275	0,013230	0,023504	0,022951	-0,009696										
					-0,146611	-0,132176	-0,095296	-0,064025	-0,046211	-0,035446	-0,035789	-0,038648	-0,033578	-0,028863	-0,042730	-0,071564	-0,097916	-0,119130	-0,139900	-0,147369	-0,138689	-0,119028	-0,093669	-0,061547	-0,025339	0,001034	0,016042	0,019572	0,000255										
					-0,156618	-0,142042	-0,105189	-0,077513	-0,057597	-0,044608	-0,039446	-0,035347	-0,024209	-0,018326	-0,032152	-0,063014	-0,089802	-0,112793	-0,135742	-0,147727	-0,139594	-0,119243	-0,098009	-0,071520	-0,037297	-0,007625	0,011975	0,017417	0,006162	0,042819									
					-0,174580	-0,163126	-0,130574	-0,101450	-0,078143	-0,063415	-0,053596	-0,040491	-0,026280	-0,017515	-0,027959	-0,053169	-0,080347	-0,103796	-0,129434	-0,143311	-0,136796	-0,116678	-0,097366	-0,075323	-0,049034	-0,020469	-0,001170	0,009133	0,006458	0,024703									
					-0,189886	-0,178614	-0,150868	-0,125365	-0,102943	-0,083751	-0,067659	-0,049076	-0,031384	-0,019750	-0,018795	-0,032343	-0,054671	-0,079155	-0,108117	-0,125908	-0,123554	-0,109732	-0,093346	-0,077880	-0,061462	-0,040642	-0,018780	-0,007271	-0,006437	0,003877									
					-0,196272	-0,185147	-0,163074	-0,145786	-0,126038	-0,105310	-0,084592	-0,059740	-0,036063	-0,015993	-0,002243	-0,006575	-0,022696	-0,046526	-0,074940	-0,096964	-0,100757	-0,092922	-0,083411	-0,076038	-0,070798	-0,055542	-0,035839	-0,027499	-0,026365	-0,019955									
					-0,205024	-0,188541	-0,174580	-0,161819	-0,145900	-0,123365	-0,099857	-0,074545	-0,046598	-0,017702	0,003259	0,005980	-0,002695	-0,022670	-0,047246	-0,069655	-0,081222	-0,078619	-0,074981	-0,072972	-0,073647	-0,066879	-0,054194	-0,046557	-0,045558	-0,047444									
						-0,187012	-0,182647	-0,174095	-0,160341	-0,140881	-0,120475	-0,096093	-0,064155	-0,028573	-0,007737	0,001373	0,000424	-0,008738	-0,028307	-0,051204	-0,065092	-0,072306	-0,073241	-0,070489	-0,074109	-0,076495	-0,071234	-0,066824	-0,065833	-0,074042									
						-0,161609	-0,177586	-0,174960	-0,167072	-0,152656	-0,137443	-0,114744	-0,079876	-0,043861	-0,018266	-0,008653	-0,005539	-0,008467	-0,021353	-0,038822	-0,053387	-0,063735	-0,065742	-0,067167	-0,073777	-0,083559	-0,089897	-0,088958	-0,086240										
						-0,126804	-0,158125	-0,164039	-0,163478	-0,159576	-0,150286	-0,128450	-0,093583	-0,058027	-0,030946	-0,017849	-0,014051	-0,016685	-0,025328	-0,036369	-0,045625	-0,053968	-0,059808	-0,065986	-0,076890	-0,093848	-0,110368	-0,112706	-0,105245										
						-0,092143	-0,134668	-0,152145	-0,158562	-0,160076	-0,155447	-0,138587	-0,108313	-0,073448	-0,045280	-0,028618	-0,021661	-0,023768	-0,027334	-0,036393	-0,042588	-0,049585	-0,058460	-0,067714	-0,080736	-0,098526	-0,114271	-0,124235	-0,115588										
							-0,111385	-0,133156	-0,150902	-0,162578	-0,160955	-0,145727	-0,118687	-0,087042	-0,058345	-0,038548	-0,029446	-0,024032	-0,024410	-0,029351	-0,034438	-0,043325	-0,057477	-0,068662	-0,080816	-0,096436	-0,108393	-0,121165	-0,110338										
								-0,107601	-0,144123	-0,165904	-0,169441	-0,154975	-0,129024	-0,100584	-0,071700	-0,049698	-0,034861	-0,023484	-0,018342	-0,018274	-0,022723	-0,035192	-0,052474	-0,067867	-0,077654	-0,093141	-0,100481												
										-0,143659	-0,153329	-0,145166	-0,124246	-0,100147	-0,072127	-0,044632	-0,024658	-0,010088	-0,002441	0,002021	-0,000072	-0,011204	-0,027930	-0,039081	-0,050676														
											-0,111199	-0,111158	-0,094746	-0,072659	-0,046745	-0,018363	0,004982	0,021069	0,033574	0,044127	0,043509	0,037776	0,024402																
														-0,015017	0,010001	0,025961	0,050249	0,070827	0,086922	0,099339																			
																																							
																																							
