Wavefront
Acquisition 	2015/07/10 17:34:34,225
Save 	2015/07/10 17:34:36,877

ASO Size : 40 x 32; ASO Step : 114,055138 um x 113,922546 um
Selection : Tilt X 0; Tilt Y 0; Focus 0; Astig 0° 1; Astig 45° 1
Unity : Microns
Area Size : 40 x 32; Area Step : 114,055138 um x 113,922546 um
																																							
														-0,124122	-0,109880																								
										0,042428	0,004632	-0,025076	-0,051855	-0,069012	-0,064757	-0,067022	-0,062547	-0,049874	-0,040855	-0,034292	-0,025398																		
								0,202387	0,156366	0,104279	0,051618	0,004164	-0,032005	-0,057937	-0,079640	-0,093169	-0,090009	-0,075671	-0,069544	-0,068420	-0,063384	-0,053700	-0,041283	-0,025241															
							0,214261	0,190389	0,166980	0,119970	0,059913	0,007778	-0,034631	-0,066215	-0,093571	-0,110938	-0,110483	-0,104486	-0,105452	-0,105374	-0,097984	-0,084668	-0,070445	-0,057073	-0,028600														
						0,123384	0,138552	0,141089	0,126429	0,085919	0,037339	-0,011730	-0,051305	-0,083040	-0,107604	-0,120652	-0,120374	-0,122277	-0,125260	-0,125899	-0,120944	-0,108915	-0,099296	-0,092829	-0,080365	-0,074007	-0,080294												
						0,051298	0,071267	0,084752	0,074398	0,044674	0,009297	-0,030954	-0,063147	-0,088605	-0,108427	-0,119712	-0,122424	-0,125287	-0,128002	-0,128507	-0,126730	-0,120687	-0,117751	-0,113014	-0,109385	-0,112131	-0,126811												
						-0,016632	0,006749	0,025836	0,017618	-0,000632	-0,020566	-0,046924	-0,071029	-0,090700	-0,104198	-0,111779	-0,117362	-0,121581	-0,124903	-0,126881	-0,125767	-0,124290	-0,121867	-0,119854	-0,117168	-0,122539	-0,135295	-0,146370											
						-0,065974	-0,036195	-0,015296	-0,018774	-0,028971	-0,042123	-0,056965	-0,073787	-0,086609	-0,093440	-0,095576	-0,099690	-0,104265	-0,109756	-0,114343	-0,114496	-0,113816	-0,111020	-0,107798	-0,106419	-0,112512	-0,124416	-0,133537	-0,152128										
						-0,096211	-0,059589	-0,031946	-0,031349	-0,048440	-0,051932	-0,056950	-0,066540	-0,073192	-0,076203	-0,071612	-0,071158	-0,077892	-0,083000	-0,084928	-0,084170	-0,083418	-0,080918	-0,080229	-0,083221	-0,091469	-0,102537	-0,107934	-0,119328										
					-0,212148	-0,130387	-0,084848	-0,057096	-0,055833	-0,066493	-0,064762	-0,059844	-0,058456	-0,054018	-0,049970	-0,046594	-0,049181	-0,054176	-0,055810	-0,054545	-0,049849	-0,048887	-0,051402	-0,054289	-0,060150	-0,069927	-0,082262	-0,085368	-0,091062										
					-0,214261	-0,166746	-0,116916	-0,090029	-0,080823	-0,069524	-0,062421	-0,058821	-0,046326	-0,031040	-0,023348	-0,022896	-0,029384	-0,032482	-0,030415	-0,025484	-0,021909	-0,024813	-0,032566	-0,039940	-0,047435	-0,057698	-0,068514	-0,071552	-0,072160										
					-0,188037	-0,167975	-0,128161	-0,102701	-0,081878	-0,059403	-0,046138	-0,039884	-0,025566	-0,007014	0,003177	0,004359	0,000145	-0,000003	0,003095	0,005890	0,002677	-0,005695	-0,018175	-0,026715	-0,036394	-0,048158	-0,055875	-0,055320	-0,057030										
					-0,158893	-0,145089	-0,113963	-0,087573	-0,066459	-0,044170	-0,029299	-0,016055	0,003461	0,025092	0,035220	0,036174	0,038164	0,038969	0,037294	0,033742	0,026489	0,014842	0,001105	-0,010002	-0,021002	-0,032607	-0,041726	-0,041070	-0,035600										
					-0,125180	-0,118972	-0,092654	-0,064994	-0,043293	-0,026671	-0,008782	0,009660	0,034546	0,060208	0,071375	0,069256	0,069762	0,071414	0,068508	0,061727	0,052529	0,040309	0,026024	0,006305	-0,007481	-0,016722	-0,025301	-0,021535	-0,007370	0,025963									
					-0,092534	-0,100575	-0,075693	-0,049677	-0,028996	-0,012122	0,006287	0,031381	0,059972	0,089451	0,103912	0,098175	0,096502	0,095803	0,094122	0,087361	0,081187	0,071454	0,052197	0,026838	0,008022	-0,001876	-0,010091	-0,003959	0,020901	0,063740									
					-0,070935	-0,085589	-0,066731	-0,047268	-0,031256	-0,013516	0,010249	0,036580	0,071845	0,104895	0,122302	0,124908	0,122536	0,119083	0,114318	0,108399	0,099435	0,088162	0,068333	0,041300	0,013923	-0,004793	-0,010247	-0,000589	0,029104	0,079936									
					-0,053928	-0,073811	-0,064879	-0,055205	-0,040105	-0,020754	0,004887	0,036877	0,072694	0,111359	0,136974	0,149058	0,152305	0,147096	0,134615	0,120413	0,105821	0,091610	0,072694	0,043286	0,009998	-0,010378	-0,011974	-0,004206	0,024148	0,073905									
					-0,035851	-0,061027	-0,064476	-0,059034	-0,050038	-0,034145	-0,009754	0,022713	0,064071	0,110841	0,143762	0,160813	0,169137	0,163797	0,148769	0,125797	0,107694	0,091518	0,068006	0,035569	-0,001118	-0,017598	-0,016842	-0,012510	0,011167	0,057349									
					-0,024626	-0,044302	-0,057834	-0,064034	-0,063825	-0,053373	-0,032853	-0,001015	0,045312	0,093543	0,131521	0,153347	0,164455	0,163393	0,153064	0,133182	0,109080	0,083341	0,051019	0,018619	-0,018706	-0,037540	-0,036402	-0,032512	-0,011090	0,028658									
						-0,027268	-0,052732	-0,066607	-0,072434	-0,072252	-0,062257	-0,029660	0,017986	0,062064	0,098851	0,127766	0,140165	0,141901	0,132336	0,116100	0,090022	0,058261	0,027822	-0,007113	-0,038571	-0,058703	-0,065104	-0,061486	-0,037774	-0,002922									
						0,000245	-0,043869	-0,066264	-0,078457	-0,082328	-0,086146	-0,067413	-0,024934	0,017765	0,054130	0,084430	0,100454	0,100222	0,086851	0,072380	0,054423	0,023162	-0,008439	-0,039174	-0,068210	-0,091023	-0,104620	-0,098621	-0,068783	-0,028138									
						0,038326	-0,022234	-0,058462	-0,082430	-0,095352	-0,100309	-0,093203	-0,063441	-0,023310	0,008579	0,033193	0,049109	0,053120	0,045890	0,028883	0,007592	-0,014840	-0,039867	-0,064515	-0,088403	-0,109818	-0,126845	-0,122904	-0,087834	-0,041618									
						0,074861	0,002770	-0,051670	-0,089720	-0,112793	-0,117718	-0,111187	-0,085873	-0,051539	-0,027833	-0,014302	-0,001199	0,004843	0,002039	-0,009936	-0,028516	-0,044177	-0,060923	-0,080073	-0,096496	-0,112806	-0,128786	-0,125291	-0,088452	-0,034523									
							0,022794	-0,045262	-0,096371	-0,131511	-0,143992	-0,141124	-0,121049	-0,093195	-0,067889	-0,046113	-0,034521	-0,031670	-0,032011	-0,038771	-0,048904	-0,062664	-0,078376	-0,093533	-0,102802	-0,112251	-0,124742	-0,112640	-0,069734										
								-0,040070	-0,092673	-0,137091	-0,154228	-0,149088	-0,139689	-0,124030	-0,100112	-0,075943	-0,057107	-0,052955	-0,051003	-0,055705	-0,068114	-0,080828	-0,095543	-0,106593	-0,107783	-0,118239	-0,133186												
										-0,126589	-0,141954	-0,149801	-0,144034	-0,135326	-0,117643	-0,095274	-0,075602	-0,059334	-0,048965	-0,050749	-0,061655	-0,073551	-0,087877	-0,104473	-0,114981														
												-0,150144	-0,144897	-0,133045	-0,114159	-0,093229	-0,072919	-0,048082	-0,031802	-0,022169	-0,025382	-0,037313	-0,056369																
														-0,095666	-0,068959	-0,047698	-0,029241	-0,006224	0,015095	0,032551																			
																																							
																																							
																																							
