Wavefront
Acquisition 	2015/07/10 16:44:36,800
Save 	2015/07/10 16:44:38,716

ASO Size : 40 x 32; ASO Step : 114,055138 um x 113,922546 um
Selection : Tilt X 0; Tilt Y 0; Focus 0; Astig 0° 1; Astig 45° 1
Unity : Microns
Area Size : 40 x 32; Area Step : 114,055138 um x 113,922546 um
														-0,100996	-0,081284																								
											-0,081856	-0,081107	-0,077020	-0,066813	-0,044901	-0,028948	-0,007047	0,007638	0,019718	0,022814	0,032658																		
								0,001410	0,021530	0,019413	0,013461	0,001722	-0,015602	-0,018475	-0,011023	-0,003311	0,001961	0,016625	0,028507	0,034017	0,033980	0,039643	0,048262	0,048770															
							0,088630	0,118288	0,128336	0,112555	0,083207	0,054875	0,026559	0,009262	-0,000703	-0,004627	-0,002013	0,006748	0,013063	0,016327	0,024638	0,039054	0,053168	0,055694	0,048491														
							0,137136	0,168820	0,175830	0,153766	0,116392	0,072363	0,035968	0,008293	-0,010896	-0,018916	-0,019692	-0,017848	-0,015616	-0,009987	0,003638	0,025619	0,042955	0,048921	0,047496	0,039325	0,027537												
						0,065297	0,118072	0,156205	0,161801	0,141056	0,106008	0,060367	0,020050	-0,013296	-0,036035	-0,046635	-0,049422	-0,051291	-0,050673	-0,042780	-0,024479	-0,002805	0,013774	0,022678	0,026913	0,020211	0,002284												
						0,029009	0,079870	0,118746	0,125098	0,106092	0,072637	0,031577	-0,005515	-0,034979	-0,059597	-0,073693	-0,078065	-0,081148	-0,081260	-0,070570	-0,050697	-0,031060	-0,015638	-0,005807	0,004608	0,003724	-0,011368	-0,040119	-0,092060										
						-0,011548	0,037757	0,077217	0,079614	0,063797	0,032057	-0,004562	-0,036835	-0,061394	-0,082135	-0,095107	-0,099364	-0,102859	-0,100712	-0,087851	-0,068860	-0,050958	-0,036436	-0,023520	-0,012799	-0,012673	-0,025684	-0,048967	-0,093211										
						-0,043878	0,002719	0,041138	0,043436	0,024108	-0,002607	-0,034419	-0,059419	-0,079583	-0,095804	-0,106061	-0,109379	-0,109279	-0,104604	-0,092779	-0,074112	-0,056003	-0,041118	-0,029584	-0,022654	-0,019710	-0,027781	-0,047240	-0,082366										
					-0,122141	-0,076902	-0,029338	0,005192	0,011119	-0,008017	-0,033110	-0,055105	-0,074001	-0,088838	-0,099301	-0,103032	-0,105234	-0,102010	-0,095475	-0,084862	-0,065783	-0,044856	-0,029212	-0,022152	-0,018507	-0,016452	-0,020633	-0,034268	-0,058145										
					-0,169219	-0,111096	-0,054036	-0,024026	-0,016951	-0,032444	-0,054658	-0,070743	-0,086143	-0,097421	-0,104876	-0,105524	-0,103036	-0,098566	-0,092944	-0,079955	-0,058234	-0,038487	-0,025782	-0,018380	-0,014223	-0,011107	-0,013661	-0,020167	-0,030056										
					-0,175830	-0,124747	-0,071617	-0,043307	-0,032977	-0,042434	-0,058813	-0,073707	-0,085758	-0,096669	-0,101081	-0,102146	-0,099958	-0,094860	-0,087591	-0,075680	-0,057968	-0,041569	-0,032111	-0,023962	-0,018284	-0,014356	-0,013156	-0,014946	-0,017180	0,008667									
					-0,160001	-0,130908	-0,080111	-0,050197	-0,038179	-0,041223	-0,052002	-0,062933	-0,072398	-0,078372	-0,081226	-0,083345	-0,082133	-0,077879	-0,070123	-0,061714	-0,052483	-0,043403	-0,033289	-0,023233	-0,017182	-0,016132	-0,013954	-0,010613	-0,005699	0,024920									
					-0,135607	-0,117941	-0,075397	-0,048535	-0,034319	-0,031465	-0,038839	-0,046752	-0,049844	-0,051990	-0,053307	-0,055628	-0,055887	-0,052075	-0,049594	-0,046300	-0,039863	-0,031743	-0,023348	-0,013790	-0,010313	-0,009961	-0,008625	-0,002876	0,008928	0,045346									
					-0,097627	-0,089285	-0,061278	-0,038039	-0,023784	-0,018928	-0,023655	-0,026397	-0,021383	-0,016460	-0,016081	-0,020111	-0,021785	-0,021377	-0,024098	-0,023283	-0,016730	-0,008671	-0,002144	0,000769	0,001122	0,000233	0,001257	0,008513	0,030040	0,067524									
					-0,062930	-0,066339	-0,047701	-0,028610	-0,016763	-0,012711	-0,011807	-0,005422	0,003499	0,012125	0,015368	0,012646	0,009471	0,005657	0,001632	0,000521	0,007914	0,014226	0,017476	0,017487	0,015411	0,012939	0,011871	0,020210	0,047070	0,086180									
					-0,028209	-0,049826	-0,038114	-0,024305	-0,016220	-0,011694	-0,004363	0,007322	0,021962	0,032579	0,037222	0,036314	0,033208	0,029725	0,023807	0,022503	0,023712	0,027012	0,026865	0,025563	0,019701	0,013794	0,011414	0,021499	0,051226	0,089910									
					0,006912	-0,031725	-0,028343	-0,024200	-0,017956	-0,009691	0,001203	0,017305	0,035911	0,050145	0,058035	0,058890	0,058128	0,053116	0,042762	0,035205	0,033365	0,033455	0,033219	0,027829	0,018618	0,011635	0,011513	0,020924	0,048358	0,084746									
					0,040705	-0,010849	-0,018261	-0,019866	-0,019184	-0,012277	-0,000567	0,014896	0,037342	0,059073	0,071675	0,078297	0,078928	0,071511	0,060311	0,046584	0,039743	0,039752	0,038668	0,029974	0,015044	0,004698	0,003846	0,013994	0,039834	0,066192									
					0,064368	0,009157	-0,004471	-0,016074	-0,023645	-0,022474	-0,010957	0,006226	0,032369	0,058675	0,076265	0,086624	0,092078	0,087211	0,076736	0,063022	0,049115	0,043585	0,041306	0,030199	0,008645	-0,006579	-0,009238	-0,000139	0,019727	0,041381									
						0,025214	0,000027	-0,017461	-0,026206	-0,028394	-0,024301	-0,006282	0,022372	0,049190	0,069089	0,081828	0,088233	0,086329	0,077530	0,063088	0,048196	0,036687	0,032408	0,021149	0,000570	-0,016912	-0,027110	-0,022748	-0,003473	0,004409									
						0,058203	0,012241	-0,012756	-0,028808	-0,035985	-0,038881	-0,028391	-0,004169	0,026112	0,053237	0,066939	0,074938	0,074357	0,068138	0,057549	0,039275	0,023693	0,012636	0,000721	-0,019149	-0,040512	-0,058487	-0,055666	-0,037324	-0,036471									
						0,102937	0,031670	-0,003790	-0,026544	-0,042392	-0,048105	-0,045881	-0,029813	0,001966	0,031323	0,048690	0,058558	0,065029	0,059857	0,047251	0,029693	0,013592	-0,001490	-0,014806	-0,033066	-0,056666	-0,079464	-0,082438	-0,069905	-0,065547									
						0,134316	0,049670	-0,000315	-0,031382	-0,053147	-0,060195	-0,058555	-0,037152	-0,009842	0,010850	0,025563	0,038886	0,047176	0,046088	0,035098	0,021644	0,004641	-0,009815	-0,023903	-0,040742	-0,064059	-0,092553	-0,103711	-0,094231	-0,088301									
							0,065718	0,006231	-0,039276	-0,069933	-0,081581	-0,081288	-0,058838	-0,030801	-0,003813	0,014616	0,028753	0,035590	0,033961	0,027494	0,016509	0,000711	-0,015422	-0,031854	-0,048959	-0,070775	-0,099085	-0,116527	-0,106140										
								0,014318	-0,038466	-0,072232	-0,089083	-0,081532	-0,066352	-0,042481	-0,014885	0,006667	0,020974	0,028491	0,029133	0,021375	0,011193	-0,003359	-0,020504	-0,039523	-0,057183	-0,082134	-0,107974	-0,135782											
									-0,025105	-0,052131	-0,072443	-0,076911	-0,063911	-0,045691	-0,022730	-0,000622	0,015137	0,028894	0,033754	0,028013	0,015139	0,004619	-0,011994	-0,036509	-0,069467														
												-0,083636	-0,069232	-0,052336	-0,025528	-0,000639	0,018452	0,037034	0,045269	0,043223	0,034131	0,024208	0,002587																
														-0,033522	-0,001312	0,024199	0,038241	0,052563	0,062340	0,063752	0,055149																		
																																							
																																							
																																							
