Wavefront
Acquisition 	2015/07/10 16:11:02,912
Save 	2015/07/10 16:11:07,286

ASO Size : 40 x 32; ASO Step : 114,055138 um x 113,922546 um
Selection : Tilt X 0; Tilt Y 0; Focus 0; Astig 0° 1; Astig 45° 1
Unity : Microns
Area Size : 40 x 32; Area Step : 114,055138 um x 113,922546 um
																																							
																																							
											-0,372867	-0,373509	-0,388727	-0,404950	-0,426179	-0,424867	-0,421209	-0,400342																					
									0,135349	0,076667	0,001513	-0,046084	-0,085652	-0,113457	-0,134634	-0,146834	-0,141835	-0,133991	-0,131440	-0,130472	-0,132783	-0,143243	-0,154099																
							0,487691	0,420263	0,331991	0,252351	0,172243	0,103582	0,050059	0,008330	-0,018145	-0,030785	-0,032000	-0,023765	-0,001532	0,020029	0,044712	0,069860	0,081254	0,094892	0,101588														
							0,517186	0,463423	0,387067	0,294590	0,206629	0,127837	0,068359	0,020609	-0,008125	-0,020444	-0,018629	-0,010142	0,002731	0,031963	0,072740	0,107652	0,135263	0,162275	0,174902	0,164151													
						0,467583	0,449161	0,408187	0,337127	0,247807	0,159301	0,078548	0,015115	-0,031795	-0,064554	-0,078555	-0,078685	-0,069540	-0,052942	-0,024464	0,017791	0,061796	0,098427	0,129633	0,151335	0,150766	0,127817												
						0,277820	0,310073	0,290205	0,233962	0,151097	0,071255	-0,000851	-0,057843	-0,102673	-0,137429	-0,154044	-0,154640	-0,148126	-0,130300	-0,101385	-0,058458	-0,010852	0,035709	0,070939	0,094851	0,084843	0,036205	-0,024130											
						0,121614	0,159919	0,159758	0,126105	0,064038	-0,011612	-0,078189	-0,128903	-0,170645	-0,202874	-0,219477	-0,220960	-0,219074	-0,204408	-0,174931	-0,131406	-0,082880	-0,038316	-0,001376	0,025704	0,020000	-0,016278	-0,089790											
						-0,016830	0,030389	0,049037	0,021161	-0,025575	-0,091627	-0,148001	-0,195781	-0,233750	-0,262585	-0,274617	-0,276368	-0,276215	-0,266789	-0,241262	-0,199413	-0,150841	-0,106574	-0,066935	-0,036059	-0,027239	-0,041898	-0,099520	-0,183572										
						-0,132143	-0,085810	-0,066768	-0,081082	-0,116986	-0,168170	-0,211991	-0,254004	-0,286981	-0,313061	-0,326820	-0,329008	-0,329859	-0,324744	-0,307031	-0,267882	-0,217322	-0,168577	-0,123394	-0,094035	-0,076458	-0,080488	-0,129944	-0,256497										
					-0,177498	-0,228774	-0,198507	-0,167800	-0,167364	-0,197948	-0,236979	-0,269578	-0,301070	-0,331879	-0,357014	-0,374815	-0,382435	-0,385568	-0,384142	-0,372801	-0,336926	-0,285138	-0,232191	-0,181650	-0,142486	-0,117524	-0,116971	-0,144716	-0,234059										
					-0,372462	-0,336046	-0,279736	-0,236493	-0,227621	-0,254027	-0,287266	-0,313120	-0,340446	-0,369914	-0,395709	-0,420140	-0,437863	-0,445173	-0,445250	-0,435541	-0,403123	-0,355363	-0,302386	-0,248029	-0,198257	-0,163530	-0,149796	-0,163083	-0,225357										
					-0,411577	-0,370576	-0,318559	-0,278414	-0,264216	-0,281948	-0,312475	-0,339606	-0,365646	-0,396210	-0,424452	-0,451933	-0,474901	-0,489475	-0,493284	-0,484580	-0,458521	-0,419269	-0,369749	-0,313455	-0,259330	-0,217662	-0,193267	-0,192555	-0,231577										
					-0,399794	-0,371425	-0,323576	-0,291507	-0,282976	-0,293916	-0,317033	-0,344535	-0,371765	-0,401027	-0,430639	-0,458631	-0,482671	-0,503080	-0,516440	-0,515974	-0,496594	-0,458233	-0,409625	-0,351714	-0,296441	-0,248441	-0,214767	-0,198478	-0,221130										
					-0,348843	-0,331987	-0,293171	-0,272990	-0,269560	-0,277154	-0,296850	-0,324258	-0,350119	-0,378089	-0,408138	-0,436336	-0,462409	-0,485460	-0,508592	-0,517186	-0,496213	-0,454152	-0,403962	-0,347704	-0,289350	-0,236679	-0,197774	-0,175254	-0,184112										
					-0,266850	-0,264291	-0,246616	-0,237566	-0,237014	-0,244685	-0,263451	-0,287862	-0,310517	-0,334720	-0,364849	-0,395503	-0,422198	-0,448153	-0,470387	-0,478209	-0,456292	-0,414587	-0,367292	-0,313373	-0,254803	-0,197468	-0,156484	-0,133251	-0,120570	-0,070448									
					-0,183883	-0,198003	-0,197700	-0,197001	-0,200337	-0,213272	-0,230407	-0,246034	-0,268236	-0,290063	-0,316512	-0,345052	-0,371759	-0,395876	-0,418165	-0,423415	-0,402708	-0,366690	-0,321836	-0,267582	-0,208589	-0,150371	-0,107423	-0,075559	-0,048723	-0,000603									
					-0,131266	-0,144283	-0,151770	-0,159990	-0,169901	-0,182536	-0,200476	-0,214890	-0,230194	-0,248451	-0,270595	-0,293347	-0,318081	-0,341327	-0,361983	-0,367433	-0,350294	-0,317361	-0,272879	-0,222076	-0,167026	-0,111425	-0,062683	-0,026667	0,001575	0,052130									
					-0,121251	-0,115988	-0,125246	-0,139422	-0,152719	-0,164248	-0,180061	-0,195027	-0,203043	-0,212055	-0,227752	-0,248260	-0,270847	-0,291964	-0,309870	-0,317094	-0,301538	-0,269249	-0,225698	-0,179007	-0,132495	-0,079965	-0,030769	0,006343	0,032071	0,064022									
					-0,146903	-0,105423	-0,117187	-0,132330	-0,147981	-0,156876	-0,168397	-0,177771	-0,179897	-0,181474	-0,192933	-0,213403	-0,232263	-0,250511	-0,264522	-0,272291	-0,261284	-0,227454	-0,184294	-0,140471	-0,101716	-0,057633	-0,013499	0,013779	0,033093	0,055423									
						-0,103654	-0,114407	-0,130759	-0,145916	-0,154570	-0,165789	-0,171045	-0,167793	-0,162310	-0,168636	-0,187274	-0,201408	-0,212884	-0,225455	-0,232913	-0,220147	-0,191867	-0,155277	-0,118887	-0,082312	-0,047054	-0,011704	0,011794	0,018512	0,026548									
						-0,067155	-0,089851	-0,106353	-0,121385	-0,132391	-0,145043	-0,150966	-0,146799	-0,137256	-0,138742	-0,153864	-0,163367	-0,173515	-0,183113	-0,183070	-0,172572	-0,148318	-0,116986	-0,084715	-0,053617	-0,028515	-0,011275	-0,003956	-0,005730	-0,024164									
						-0,003605	-0,035824	-0,057776	-0,070189	-0,086089	-0,099621	-0,106751	-0,105340	-0,096667	-0,094044	-0,104796	-0,113382	-0,120995	-0,124770	-0,120524	-0,110726	-0,089247	-0,054116	-0,018937	0,000233	0,008507	0,010802	0,005954	-0,029972	-0,116472									
						0,000190	-0,015748	-0,025525	-0,033468	-0,044594	-0,061032	-0,064993	-0,061841	-0,054146	-0,047172	-0,051509	-0,057830	-0,061324	-0,061926	-0,056015	-0,044761	-0,028503	-0,002772	0,023973	0,032072	0,024421	0,009183	-0,007892	-0,048566										
							-0,040579	-0,021067	-0,017788	-0,023797	-0,026878	-0,027903	-0,027301	-0,014320	-0,007279	-0,006887	-0,009544	-0,010749	-0,010039	-0,003847	0,004993	0,012301	0,014684	0,024241	0,020647	-0,006389	-0,054668	-0,102580	-0,159130										
								-0,079051	-0,072086	-0,064921	-0,045877	-0,029749	-0,024263	-0,011765	0,001831	0,004089	0,003506	0,005745	0,005220	0,006334	0,003429	-0,010737	-0,025749	-0,021124	-0,061414	-0,116769	-0,196102	-0,262010											
									-0,224792	-0,200490	-0,154913	-0,109490	-0,076438	-0,051154	-0,035061	-0,027146	-0,021497	-0,016861	-0,015309	-0,028241	-0,043905	-0,087001	-0,139024	-0,174946	-0,279029	-0,341607													
											-0,326345	-0,236326	-0,158715	-0,108884	-0,078261	-0,062037	-0,046903	-0,051200	-0,057861	-0,077614	-0,089306	-0,171431	-0,263071	-0,379784															
														-0,072105	-0,038979	0,006323	0,037714	0,060710	0,042385	-0,016432	-0,116659																		
																																							
																																							
