Wavefront
Acquisition 	2015/07/10 16:24:20,321
Save 	2015/07/10 16:24:24,555

ASO Size : 40 x 32; ASO Step : 114,055138 um x 113,922546 um
Selection : Tilt X 0; Tilt Y 0; Focus 0; Astig 0° 1; Astig 45° 1
Unity : Microns
Area Size : 40 x 32; Area Step : 114,055138 um x 113,922546 um
																																							
															-0,167115																								
										-0,005221	-0,028556	-0,044658	-0,046143	-0,044115	-0,040603	-0,027925	-0,015575	-0,011029	-0,011619	-0,009126	0,010071																		
									0,166800	0,148381	0,126335	0,103067	0,075194	0,057708	0,051890	0,056562	0,068047	0,079160	0,077163	0,082682	0,093019	0,099382	0,101178																
							0,219261	0,251242	0,252563	0,230558	0,199497	0,166103	0,132633	0,105701	0,089889	0,083164	0,093458	0,109327	0,119293	0,126586	0,141404	0,154248	0,159701	0,155992	0,139248														
							0,256018	0,293247	0,298168	0,271228	0,226145	0,180921	0,144554	0,114935	0,093910	0,087635	0,095513	0,106318	0,120288	0,137052	0,161426	0,185788	0,200595	0,201413	0,188038	0,149419		-0,066441											
						0,216477	0,257690	0,292395	0,292047	0,259228	0,215208	0,167217	0,126282	0,096232	0,078176	0,071839	0,076886	0,088145	0,103295	0,125103	0,155380	0,187908	0,211614	0,222551	0,218867	0,181639	0,108506	-0,004886											
						0,183003	0,232743	0,264660	0,258515	0,223367	0,178136	0,130154	0,089297	0,060122	0,042640	0,036062	0,040118	0,048548	0,061904	0,086974	0,122992	0,158505	0,191205	0,213273	0,221560	0,198362	0,139780	0,047452											
						0,146094	0,192157	0,224194	0,212812	0,179099	0,134766	0,086294	0,042542	0,013269	-0,004813	-0,014019	-0,016132	-0,010088	0,003931	0,031364	0,071908	0,112437	0,149743	0,181755	0,202519	0,197666	0,156087	0,077708	-0,064808										
						0,098260	0,145551	0,175002	0,164481	0,130860	0,085075	0,037406	-0,005314	-0,037820	-0,057263	-0,067237	-0,070010	-0,065702	-0,054348	-0,028229	0,011788	0,057545	0,101803	0,139998	0,167822	0,177471	0,156773	0,097761	-0,021963										
					-0,007720	0,041643	0,096369	0,125677	0,116090	0,078939	0,032908	-0,009656	-0,049309	-0,081585	-0,103224	-0,114075	-0,119701	-0,118684	-0,110326	-0,090299	-0,052569	-0,003892	0,046755	0,093271	0,127590	0,146189	0,140321	0,104192	0,014768										
					-0,078553	-0,021782	0,035695	0,069173	0,066711	0,029712	-0,014389	-0,052558	-0,088395	-0,117411	-0,139754	-0,157031	-0,168112	-0,170541	-0,167088	-0,152242	-0,115310	-0,065684	-0,012332	0,041798	0,085195	0,115282	0,119191	0,098690	0,030863										
					-0,121122	-0,069359	-0,017360	0,015138	0,018136	-0,012911	-0,049762	-0,083440	-0,114991	-0,143176	-0,168706	-0,194832	-0,212248	-0,216636	-0,217084	-0,206069	-0,173314	-0,125527	-0,072347	-0,016546	0,037355	0,075745	0,091327	0,084254	0,031441										
					-0,147993	-0,107101	-0,055796	-0,027862	-0,023304	-0,041079	-0,071592	-0,102435	-0,133274	-0,161438	-0,190281	-0,219526	-0,239888	-0,251297	-0,255183	-0,248414	-0,221904	-0,179577	-0,128066	-0,070047	-0,011447	0,033558	0,057793	0,058806	0,022575	-0,021785									
					-0,167191	-0,131496	-0,085204	-0,058156	-0,051643	-0,063707	-0,088982	-0,116627	-0,144245	-0,171052	-0,198886	-0,226260	-0,249199	-0,267233	-0,279765	-0,281198	-0,258894	-0,217512	-0,167352	-0,109215	-0,051638	-0,002380	0,027492	0,035208	0,013731	-0,016131									
					-0,179775	-0,149189	-0,108865	-0,083526	-0,075002	-0,083380	-0,104089	-0,128423	-0,147812	-0,167897	-0,194251	-0,222032	-0,245735	-0,266824	-0,289011	-0,298168	-0,276864	-0,234396	-0,185839	-0,133089	-0,077815	-0,026141	0,007077	0,017960	0,008267	-0,007751									
					-0,190034	-0,167309	-0,131380	-0,109522	-0,099396	-0,102290	-0,116185	-0,132206	-0,145979	-0,160740	-0,183559	-0,213962	-0,239952	-0,261645	-0,283004	-0,292213	-0,271365	-0,233041	-0,189454	-0,140510	-0,088690	-0,039724	-0,006302	0,005519	0,008967	-0,000250									
					-0,187001	-0,189687	-0,156756	-0,132831	-0,120606	-0,119946	-0,126375	-0,132125	-0,140403	-0,150711	-0,170244	-0,197598	-0,223440	-0,243825	-0,263690	-0,270476	-0,254327	-0,222161	-0,181568	-0,137258	-0,093827	-0,051701	-0,021671	-0,003551	0,006609	0,005977									
					-0,184642	-0,195538	-0,171729	-0,151789	-0,136601	-0,130763	-0,131154	-0,130889	-0,133500	-0,137196	-0,151465	-0,170355	-0,190936	-0,212132	-0,232962	-0,241744	-0,231124	-0,202763	-0,164448	-0,126472	-0,092387	-0,059530	-0,030765	-0,012118	-0,001312	0,004737									
					-0,184772	-0,193426	-0,175625	-0,161572	-0,149962	-0,139938	-0,130916	-0,126457	-0,122802	-0,119331	-0,125494	-0,141048	-0,158257	-0,176963	-0,195116	-0,206576	-0,200091	-0,175501	-0,142444	-0,111393	-0,084553	-0,056736	-0,034622	-0,019747	-0,014300	-0,010794									
					-0,195887	-0,187172	-0,179356	-0,170733	-0,160077	-0,145687	-0,134920	-0,124350	-0,114007	-0,105414	-0,105284	-0,114659	-0,128011	-0,143547	-0,159212	-0,165851	-0,161852	-0,143882	-0,120011	-0,097947	-0,076810	-0,055231	-0,037207	-0,028371	-0,029347	-0,042477									
						-0,182846	-0,182981	-0,176488	-0,165349	-0,150483	-0,136821	-0,125047	-0,108863	-0,094672	-0,089975	-0,093419	-0,098842	-0,109137	-0,121745	-0,128119	-0,126573	-0,114453	-0,095832	-0,079508	-0,065231	-0,054832	-0,047604	-0,044553	-0,049699	-0,074823									
						-0,157502	-0,173449	-0,173141	-0,162915	-0,151020	-0,139637	-0,127430	-0,105621	-0,086369	-0,077146	-0,076937	-0,075587	-0,077413	-0,086062	-0,094736	-0,091956	-0,084410	-0,072610	-0,058834	-0,049464	-0,052725	-0,056536	-0,061747	-0,072587	-0,109061									
						-0,123525	-0,156894	-0,162825	-0,157522	-0,149853	-0,141521	-0,126026	-0,105827	-0,081637	-0,066436	-0,061656	-0,057756	-0,052876	-0,054750	-0,062149	-0,059943	-0,055725	-0,049462	-0,042340	-0,040406	-0,050107	-0,062927	-0,074355	-0,088730	-0,128406									
						-0,099029	-0,138491	-0,149699	-0,150587	-0,146212	-0,138726	-0,125270	-0,101594	-0,076320	-0,055854	-0,047631	-0,040946	-0,036592	-0,034320	-0,033592	-0,033531	-0,030172	-0,029138	-0,030853	-0,033515	-0,045693	-0,061923	-0,082579	-0,102475	-0,133471									
							-0,119626	-0,136568	-0,144812	-0,143663	-0,135386	-0,121178	-0,097473	-0,069502	-0,048671	-0,035599	-0,028600	-0,019136	-0,013258	-0,011423	-0,008725	-0,009355	-0,013487	-0,018494	-0,027132	-0,040926	-0,063680	-0,093449	-0,115742										
								-0,124732	-0,143167	-0,144185	-0,136885	-0,117180	-0,094038	-0,067458	-0,042190	-0,027253	-0,016149	-0,003662	0,004756	0,008144	0,009734	0,005551	-0,002482	-0,009406	-0,018059	-0,033550	-0,065379	-0,111142											
									-0,138010	-0,135738	-0,129615	-0,110099	-0,088041	-0,062371	-0,034032	-0,013496	0,001048	0,015902	0,027807	0,033335	0,030715	0,024456	0,015372	0,007442	-0,001117	-0,016401													
												-0,093064	-0,068827	-0,041330	-0,012669	0,010198	0,027529	0,043625	0,058630	0,064787	0,062493	0,060222	0,043921	0,028261															
														-0,008334	0,021486	0,044845	0,063217	0,083370	0,101294	0,111275	0,113010																		
																																							
																																							
