Wavefront
Acquisition 	2015/07/10 16:22:59,660
Save 	2015/07/10 16:23:03,417

ASO Size : 40 x 32; ASO Step : 114,055138 um x 113,922546 um
Selection : Tilt X 0; Tilt Y 0; Focus 0; Astig 0° 1; Astig 45° 1
Unity : Microns
Area Size : 40 x 32; Area Step : 114,055138 um x 113,922546 um
																																							
																																							
											-0,027038	-0,042495	-0,054407	-0,053602	-0,051182	-0,043093	-0,023842	-0,000008	0,005940	0,009431	0,016456																		
									0,145320	0,126611	0,104495	0,081323	0,062075	0,050208	0,043073	0,042753	0,060368	0,081814	0,091767	0,097505	0,101751	0,106202	0,110122																
							0,208690	0,230828	0,234579	0,212537	0,180445	0,149211	0,124055	0,102975	0,085712	0,078978	0,091106	0,110703	0,132220	0,141383	0,152922	0,165445	0,174221	0,165046	0,143669														
							0,253476	0,277623	0,280010	0,253171	0,212321	0,171858	0,139495	0,114764	0,093202	0,087797	0,099137	0,115168	0,132055	0,149177	0,172209	0,196900	0,214308	0,210598	0,195095	0,161558		-0,040839											
						0,224635	0,258408	0,287461	0,283826	0,250491	0,207392	0,162531	0,123135	0,094337	0,077623	0,073462	0,083857	0,097994	0,113795	0,135169	0,163978	0,197442	0,221117	0,229551	0,224576	0,194812	0,128987	0,010973											
						0,195361	0,239071	0,267459	0,258925	0,221370	0,174167	0,128451	0,087499	0,057102	0,041485	0,039025	0,046228	0,055645	0,069456	0,094740	0,130826	0,165798	0,197626	0,218333	0,225619	0,206674	0,153835	0,051881											
						0,161287	0,207629	0,236355	0,220783	0,182250	0,135226	0,086907	0,043942	0,013662	-0,004326	-0,009971	-0,009308	-0,003600	0,010294	0,039454	0,080334	0,118853	0,154037	0,183873	0,205544	0,204024	0,163550	0,079284	-0,071134										
						0,119108	0,166121	0,194277	0,177517	0,138254	0,090503	0,042136	-0,000026	-0,034001	-0,054641	-0,063035	-0,063679	-0,058757	-0,047929	-0,021117	0,019862	0,062907	0,103557	0,140238	0,168818	0,182228	0,158005	0,096100	-0,029538										
					0,007691	0,062746	0,118782	0,146639	0,129766	0,087037	0,040839	-0,001336	-0,041132	-0,075491	-0,098432	-0,109097	-0,113407	-0,112076	-0,103504	-0,084009	-0,046456	0,000274	0,048396	0,091922	0,125602	0,148011	0,142303	0,100424	0,002987										
					-0,050569	-0,001086	0,058063	0,088629	0,079834	0,038231	-0,005829	-0,042460	-0,078671	-0,108856	-0,132484	-0,150474	-0,161462	-0,163964	-0,160947	-0,146037	-0,110465	-0,062589	-0,011394	0,039832	0,081393	0,114297	0,119977	0,094974	0,019694										
					-0,093470	-0,050314	0,003391	0,034410	0,030253	-0,002028	-0,038578	-0,073286	-0,105140	-0,133698	-0,160158	-0,186136	-0,204798	-0,210465	-0,211859	-0,200761	-0,168456	-0,122007	-0,071435	-0,016864	0,035264	0,074597	0,091943	0,083745	0,022264										
					-0,123051	-0,087912	-0,036468	-0,011127	-0,007990	-0,027458	-0,059129	-0,090154	-0,121106	-0,150369	-0,180220	-0,210465	-0,231614	-0,244021	-0,248628	-0,242447	-0,216112	-0,175179	-0,125510	-0,068429	-0,010437	0,033902	0,058707	0,060611	0,020688	-0,033794									
					-0,142684	-0,113641	-0,067926	-0,041528	-0,035777	-0,049101	-0,073475	-0,102917	-0,129581	-0,157975	-0,188167	-0,217023	-0,239242	-0,256979	-0,270877	-0,273405	-0,250361	-0,211147	-0,162970	-0,104641	-0,049194	-0,000780	0,030093	0,037155	0,017577	-0,017582									
					-0,155077	-0,132858	-0,091060	-0,067200	-0,059833	-0,067135	-0,087322	-0,110671	-0,131821	-0,154206	-0,181883	-0,209407	-0,232623	-0,254345	-0,277822	-0,287461	-0,266020	-0,225429	-0,178415	-0,125673	-0,072573	-0,021978	0,012117	0,023809	0,016186	-0,004214									
					-0,163908	-0,150116	-0,113121	-0,092620	-0,083722	-0,086188	-0,098935	-0,113884	-0,128299	-0,143512	-0,167687	-0,196426	-0,222891	-0,246681	-0,268744	-0,279367	-0,258792	-0,220912	-0,179148	-0,131923	-0,080822	-0,031841	0,003083	0,015392	0,016160	0,003495									
					-0,173235	-0,167114	-0,139855	-0,118742	-0,106289	-0,103851	-0,108182	-0,113171	-0,121167	-0,131986	-0,150511	-0,176545	-0,202409	-0,225851	-0,245807	-0,254722	-0,239627	-0,208498	-0,169195	-0,125536	-0,081846	-0,040426	-0,009346	0,008789	0,014601	0,008526									
					-0,184070	-0,180165	-0,157475	-0,138132	-0,123640	-0,116422	-0,113783	-0,111337	-0,114021	-0,117161	-0,128715	-0,147601	-0,168095	-0,190733	-0,212204	-0,222823	-0,214312	-0,187658	-0,150666	-0,112105	-0,077165	-0,042779	-0,014014	0,001211	0,008400	0,008895									
					-0,186146	-0,182077	-0,164058	-0,153014	-0,140226	-0,126484	-0,115755	-0,108531	-0,103566	-0,098140	-0,102952	-0,117015	-0,133819	-0,152553	-0,172227	-0,184073	-0,180355	-0,157405	-0,125661	-0,095086	-0,067574	-0,037970	-0,013838	-0,000714	0,001511	0,001969									
					-0,187585	-0,179867	-0,173482	-0,165041	-0,153226	-0,134405	-0,119272	-0,106714	-0,094404	-0,083773	-0,080936	-0,087439	-0,100756	-0,115792	-0,132010	-0,141095	-0,139953	-0,123595	-0,099535	-0,078307	-0,058536	-0,034468	-0,013987	-0,006994	-0,010251	-0,022264									
						-0,179825	-0,178179	-0,172402	-0,158466	-0,140719	-0,121651	-0,107774	-0,088994	-0,070684	-0,062092	-0,064183	-0,067626	-0,077244	-0,091332	-0,100414	-0,100793	-0,091889	-0,074599	-0,058452	-0,045073	-0,033747	-0,024610	-0,019293	-0,025476	-0,059377									
						-0,158732	-0,172649	-0,169365	-0,158072	-0,143531	-0,129117	-0,111830	-0,087013	-0,062257	-0,048321	-0,044850	-0,042823	-0,044722	-0,055093	-0,064925	-0,065308	-0,059458	-0,048861	-0,036560	-0,028470	-0,030026	-0,034305	-0,039428	-0,049286	-0,087078									
						-0,127835	-0,157533	-0,162069	-0,156067	-0,146016	-0,134771	-0,114824	-0,087216	-0,060222	-0,040155	-0,029920	-0,026628	-0,024906	-0,025937	-0,032680	-0,033123	-0,030571	-0,024742	-0,018519	-0,018316	-0,027499	-0,040122	-0,053516	-0,068045	-0,109538									
						-0,098522	-0,138195	-0,152208	-0,153882	-0,146306	-0,132770	-0,115502	-0,088446	-0,058036	-0,032373	-0,019621	-0,011211	-0,007617	-0,004226	-0,004538	-0,006716	-0,005633	-0,003803	-0,005197	-0,010453	-0,023359	-0,040462	-0,058319	-0,073101	-0,119132									
							-0,121141	-0,140676	-0,149767	-0,147020	-0,132452	-0,115347	-0,089272	-0,057439	-0,030482	-0,011779	-0,000156	0,012134	0,016529	0,015471	0,015342	0,015528	0,012361	0,008796	-0,002499	-0,016857	-0,037602	-0,059687	-0,072811										
								-0,133642	-0,144009	-0,146459	-0,135688	-0,116137	-0,090611	-0,059976	-0,031159	-0,007937	0,009384	0,025192	0,034868	0,037534	0,035311	0,030884	0,026407	0,016347	0,002590	-0,013310	-0,037594	-0,068539											
									-0,130322	-0,138841	-0,139107	-0,119507	-0,092104	-0,059655	-0,027189	-0,000619	0,023006	0,044543	0,058075	0,064162	0,061941	0,054479	0,041836	0,031642	0,018141	0,001634													
												-0,109428	-0,080156	-0,044938	-0,010992	0,020515	0,046874	0,068396	0,084817	0,093424	0,096292	0,089091	0,072783	0,061782															
														-0,015976	0,030172	0,061405	0,080902	0,103432	0,120902	0,130199	0,133820																		
																																							
																																							
