Wavefront
Acquisition 	2015/07/10 15:54:08,137
Save 	2015/07/10 15:54:11,169

ASO Size : 40 x 32; ASO Step : 114,055138 um x 113,922546 um
Selection : Tilt X 0; Tilt Y 0; Focus 0; Astig 0° 1; Astig 45° 1
Unity : Microns
Area Size : 40 x 32; Area Step : 114,055138 um x 113,922546 um
																																							
																																							
														-0,084772																									
										0,148823	0,100394	0,050182	0,008432	-0,020612	-0,030134	-0,030247	-0,020756	-0,018505	-0,032215	-0,046320	-0,063590																		
								0,283252	0,241339	0,192188	0,142168	0,092102	0,046968	0,013711	-0,006372	-0,016369	-0,017255	-0,018538	-0,020228	-0,025237	-0,027503	-0,013718	-0,000887																
							0,271840	0,271378	0,242642	0,203254	0,159550	0,109730	0,066748	0,035935	0,012578	-0,001202	-0,007052	-0,010201	-0,009993	-0,008088	-0,003766	0,009051	0,017418	0,010419	-0,001534														
							0,241936	0,252911	0,239980	0,199685	0,157120	0,107993	0,068987	0,043439	0,021363	0,008165	0,004787	0,004998	0,005026	0,008841	0,017694	0,031104	0,034903	0,030958	0,017793	-0,018486													
						0,182306	0,210337	0,228044	0,218849	0,181598	0,138522	0,092561	0,055722	0,034694	0,015990	0,007438	0,010342	0,012863	0,012260	0,016658	0,026574	0,040378	0,051639	0,053195	0,044999	0,013441	-0,037482												
						0,128789	0,165064	0,182834	0,173997	0,147453	0,110419	0,068482	0,036572	0,017073	0,001553	-0,006483	-0,002260	-0,000042	-0,002748	0,001295	0,013548	0,030796	0,049645	0,061783	0,061760	0,038287	-0,005149	-0,075980											
						0,069813	0,110445	0,133237	0,123624	0,106049	0,076521	0,037626	0,010676	-0,007506	-0,024613	-0,031857	-0,029196	-0,029420	-0,030875	-0,025955	-0,012184	0,007156	0,032536	0,053671	0,063701	0,054961	0,022432	-0,042219	-0,162757										
						0,005316	0,054507	0,081674	0,076809	0,058169	0,033374	0,005026	-0,015982	-0,033657	-0,050499	-0,057594	-0,058145	-0,060823	-0,061781	-0,054204	-0,039545	-0,018238	0,010185	0,038344	0,055721	0,059040	0,038843	-0,012952	-0,120575										
					-0,121963	-0,068396	-0,004925	0,031749	0,028931	0,010583	-0,011603	-0,026583	-0,039106	-0,052816	-0,067620	-0,076864	-0,084179	-0,088247	-0,092090	-0,084929	-0,066635	-0,043863	-0,011013	0,022666	0,043062	0,048681	0,036595	0,004189	-0,079484										
					-0,168773	-0,126286	-0,062526	-0,024844	-0,018239	-0,028468	-0,042670	-0,051831	-0,058823	-0,062395	-0,074001	-0,090370	-0,103296	-0,112763	-0,118559	-0,109623	-0,091769	-0,070712	-0,037441	-0,001609	0,022565	0,033802	0,027775	0,007755	-0,057043										
					-0,180090	-0,161740	-0,103803	-0,065882	-0,054435	-0,052932	-0,055857	-0,063212	-0,065599	-0,064715	-0,074375	-0,094414	-0,113444	-0,128595	-0,133537	-0,127082	-0,114082	-0,101663	-0,073434	-0,033659	-0,003148	0,011853	0,014093	0,004740	-0,040502										
					-0,186607	-0,176321	-0,126746	-0,091936	-0,072564	-0,061431	-0,061307	-0,065043	-0,061969	-0,058025	-0,067869	-0,090618	-0,111740	-0,131001	-0,142850	-0,142481	-0,132785	-0,119489	-0,094183	-0,056344	-0,024184	-0,005743	0,001982	0,000092	-0,023355										
					-0,195296	-0,182045	-0,143175	-0,110492	-0,085827	-0,067000	-0,063608	-0,064861	-0,056211	-0,049693	-0,060709	-0,084651	-0,107892	-0,126994	-0,146579	-0,154318	-0,143588	-0,122809	-0,099180	-0,069084	-0,037213	-0,015300	-0,002280	0,000536	-0,014487										
					-0,215194	-0,201276	-0,161151	-0,131232	-0,105753	-0,085596	-0,075614	-0,067333	-0,052374	-0,044368	-0,055197	-0,082238	-0,105741	-0,123957	-0,144016	-0,156877	-0,147161	-0,122755	-0,100802	-0,075844	-0,046317	-0,020238	-0,003651	0,001220	-0,008978	0,005480									
					-0,241616	-0,228492	-0,192804	-0,160457	-0,134244	-0,111558	-0,096937	-0,079681	-0,060996	-0,048602	-0,055963	-0,077216	-0,099937	-0,118628	-0,140146	-0,152926	-0,143260	-0,117913	-0,095896	-0,076475	-0,054627	-0,030025	-0,012466	-0,001486	-0,009074	0,000530									
					-0,259563	-0,252325	-0,221490	-0,192348	-0,164532	-0,138185	-0,116600	-0,095374	-0,073186	-0,056518	-0,051688	-0,061267	-0,078845	-0,096819	-0,119526	-0,133946	-0,127299	-0,107678	-0,087913	-0,074549	-0,062233	-0,043732	-0,022052	-0,012487	-0,020855	-0,016735									
					-0,267938	-0,266714	-0,242268	-0,218397	-0,190874	-0,163404	-0,137715	-0,112334	-0,085505	-0,057062	-0,037253	-0,038047	-0,049128	-0,065277	-0,086220	-0,101343	-0,099285	-0,087354	-0,075036	-0,068002	-0,064146	-0,051438	-0,032111	-0,029124	-0,038326	-0,034596									
					-0,283252	-0,277278	-0,255774	-0,237169	-0,214696	-0,185875	-0,156984	-0,130198	-0,099709	-0,062183	-0,032702	-0,024338	-0,028339	-0,041543	-0,058591	-0,072696	-0,077183	-0,069514	-0,063210	-0,060400	-0,061188	-0,056118	-0,047523	-0,044639	-0,053950	-0,054648									
						-0,280848	-0,264254	-0,249538	-0,231385	-0,205796	-0,180153	-0,152733	-0,115994	-0,072812	-0,043608	-0,028030	-0,024494	-0,027665	-0,040272	-0,054446	-0,059738	-0,060697	-0,057504	-0,056536	-0,060237	-0,061475	-0,059975	-0,060313	-0,065191	-0,079528									
						-0,261520	-0,261099	-0,250879	-0,238865	-0,220503	-0,199641	-0,171772	-0,131127	-0,088027	-0,053911	-0,037025	-0,029238	-0,026883	-0,032549	-0,040373	-0,046991	-0,050279	-0,050687	-0,052918	-0,058364	-0,066677	-0,074897	-0,077802	-0,083163	-0,096488									
						-0,233427	-0,242964	-0,241141	-0,237792	-0,229796	-0,213188	-0,184631	-0,142921	-0,100295	-0,066283	-0,045639	-0,036632	-0,031893	-0,032673	-0,035904	-0,038278	-0,040816	-0,045008	-0,050152	-0,059541	-0,073884	-0,092476	-0,096679	-0,090971										
						-0,207264	-0,222119	-0,229525	-0,233787	-0,230469	-0,218353	-0,192451	-0,152163	-0,110999	-0,079210	-0,056678	-0,042599	-0,035922	-0,032457	-0,033913	-0,033166	-0,035545	-0,039618	-0,047960	-0,060480	-0,080010	-0,098274	-0,103179	-0,088723										
							-0,193979	-0,213889	-0,228891	-0,231393	-0,219410	-0,196465	-0,160473	-0,121410	-0,088206	-0,065734	-0,048944	-0,036513	-0,029618	-0,025699	-0,023735	-0,025707	-0,032045	-0,042333	-0,056219	-0,073991	-0,087473	-0,094556	-0,081568										
								-0,188549	-0,223041	-0,234102	-0,222939	-0,201271	-0,165898	-0,129527	-0,097327	-0,073400	-0,053145	-0,034168	-0,019963	-0,012536	-0,008226	-0,008840	-0,017746	-0,033259	-0,047259	-0,055909	-0,069431												
										-0,223285	-0,209894	-0,188998	-0,157320	-0,123504	-0,091576	-0,064902	-0,040222	-0,016834	0,000193	0,011196	0,019681	0,025477	0,020846	-0,000437	-0,014310	-0,012728													
												-0,161185	-0,129581	-0,093416	-0,060035	-0,033837	-0,007365	0,015330	0,033807	0,047964	0,062890	0,072104	0,077830																
														-0,052559	-0,011332	0,018161	0,042716	0,070636	0,091882	0,103871	0,118016																		
																																							
																																							
