Wavefront
Acquisition 	2015/07/10 15:54:20,141
Save 	2015/07/10 15:54:23,911

ASO Size : 40 x 32; ASO Step : 114,055138 um x 113,922546 um
Selection : Tilt X 0; Tilt Y 0; Focus 0; Astig 0° 1; Astig 45° 1
Unity : Microns
Area Size : 40 x 32; Area Step : 114,055138 um x 113,922546 um
																																							
																																							
														-0,143528																									
										0,097734	0,039196	-0,014735	-0,055849	-0,080226	-0,087667	-0,084171	-0,076965	-0,070235	-0,071896	-0,080712	-0,093949																		
								0,230713	0,188523	0,132057	0,073645	0,018983	-0,022274	-0,052119	-0,066474	-0,066854	-0,061326	-0,055947	-0,052852	-0,054897	-0,057735	-0,053818	-0,047567																
							0,215590	0,215946	0,187965	0,141283	0,089141	0,038721	0,000715	-0,026609	-0,046155	-0,050122	-0,045969	-0,043381	-0,037909	-0,033584	-0,030370	-0,022719	-0,018750	-0,019333	-0,021393														
							0,180838	0,194839	0,182917	0,139020	0,091505	0,044399	0,006954	-0,016715	-0,035098	-0,038642	-0,030975	-0,028365	-0,026139	-0,018361	-0,008530	-0,001759	0,005832	0,012034	0,008897	-0,021202													
						0,130885	0,151908	0,171331	0,165050	0,125171	0,080017	0,035716	-0,001837	-0,022767	-0,035859	-0,035780	-0,026325	-0,021648	-0,019712	-0,012974	-0,001331	0,011664	0,024052	0,035452	0,040465	0,015675	-0,036295												
						0,085345	0,114363	0,134722	0,128064	0,097331	0,054953	0,015147	-0,015527	-0,035216	-0,045149	-0,047394	-0,039442	-0,034596	-0,035175	-0,028826	-0,013772	0,006310	0,025884	0,044100	0,052508	0,039420	-0,005469	-0,088586											
						0,036298	0,070676	0,090806	0,082790	0,061879	0,028072	-0,010272	-0,037758	-0,056136	-0,067029	-0,069906	-0,064694	-0,063411	-0,063799	-0,055159	-0,037757	-0,015286	0,012375	0,037555	0,051420	0,051464	0,021875	-0,047277	-0,167129										
						-0,017868	0,024654	0,047911	0,042503	0,020673	-0,008158	-0,036824	-0,058112	-0,076600	-0,089258	-0,092586	-0,091591	-0,092821	-0,092979	-0,082204	-0,063337	-0,038837	-0,008363	0,023478	0,045264	0,050928	0,038469	-0,009929	-0,117689										
					-0,137163	-0,075346	-0,021917	0,007236	0,002230	-0,020939	-0,045750	-0,060903	-0,074322	-0,089854	-0,103492	-0,110118	-0,115475	-0,117842	-0,119181	-0,110179	-0,089001	-0,062912	-0,027967	0,007814	0,031515	0,041270	0,034041	0,007992	-0,074139										
					-0,164377	-0,126604	-0,066007	-0,034154	-0,036130	-0,053609	-0,071102	-0,080705	-0,088941	-0,096236	-0,108653	-0,123057	-0,134443	-0,141882	-0,143615	-0,132048	-0,112040	-0,088383	-0,053216	-0,015517	0,011730	0,026846	0,025184	0,009092	-0,057617										
					-0,170576	-0,149790	-0,095333	-0,064877	-0,063846	-0,069896	-0,078638	-0,087298	-0,091072	-0,093704	-0,105428	-0,125642	-0,143789	-0,156217	-0,155938	-0,147604	-0,133188	-0,117828	-0,087844	-0,046827	-0,012841	0,006596	0,011718	0,004718	-0,041063										
					-0,173108	-0,154176	-0,111937	-0,084155	-0,074912	-0,071868	-0,077569	-0,084119	-0,083522	-0,083582	-0,095642	-0,118214	-0,137111	-0,153492	-0,162941	-0,160523	-0,150380	-0,135485	-0,107288	-0,067772	-0,034911	-0,011687	-0,001241	0,001229	-0,022754										
					-0,172201	-0,160905	-0,124738	-0,097413	-0,081109	-0,070900	-0,072457	-0,077750	-0,075041	-0,072177	-0,084430	-0,106987	-0,128752	-0,146020	-0,163730	-0,168755	-0,158132	-0,137552	-0,110962	-0,079502	-0,047864	-0,022754	-0,006036	0,000514	-0,009512										
					-0,181559	-0,172258	-0,139711	-0,115230	-0,095956	-0,082552	-0,078302	-0,075165	-0,064908	-0,061419	-0,073679	-0,098791	-0,122250	-0,141415	-0,159916	-0,169218	-0,157860	-0,134111	-0,111099	-0,085333	-0,054305	-0,026802	-0,007100	0,002027	-0,002857	0,008164									
					-0,200326	-0,192312	-0,165581	-0,141094	-0,119932	-0,104295	-0,094192	-0,081827	-0,067464	-0,060859	-0,070747	-0,090526	-0,114356	-0,133631	-0,153934	-0,163835	-0,153319	-0,129357	-0,108392	-0,086329	-0,061441	-0,035663	-0,016638	-0,002558	-0,001538	0,010152									
					-0,217251	-0,210323	-0,188947	-0,168653	-0,147974	-0,128104	-0,111191	-0,093707	-0,075274	-0,064477	-0,063051	-0,072320	-0,090734	-0,109585	-0,131757	-0,144998	-0,138332	-0,119884	-0,101989	-0,086541	-0,068691	-0,048452	-0,029179	-0,015059	-0,010496	-0,009096									
					-0,223522	-0,220240	-0,206128	-0,191719	-0,172895	-0,152618	-0,131144	-0,108088	-0,083806	-0,061476	-0,046833	-0,047973	-0,059500	-0,076521	-0,096434	-0,113923	-0,115023	-0,103433	-0,090069	-0,081514	-0,073112	-0,057851	-0,041010	-0,033881	-0,029723	-0,031258									
					-0,230713	-0,223743	-0,217216	-0,208898	-0,194662	-0,173325	-0,149254	-0,124638	-0,097749	-0,065597	-0,040378	-0,036038	-0,041047	-0,053862	-0,071145	-0,087944	-0,095907	-0,089753	-0,080661	-0,075755	-0,073361	-0,065990	-0,057221	-0,051475	-0,048933	-0,050049									
						-0,223054	-0,224770	-0,220574	-0,210270	-0,192159	-0,171981	-0,148250	-0,116489	-0,077791	-0,052250	-0,040760	-0,039721	-0,042545	-0,054046	-0,071255	-0,082073	-0,083660	-0,078793	-0,074846	-0,075777	-0,073479	-0,069963	-0,068485	-0,068467	-0,071396									
						-0,201457	-0,221536	-0,223395	-0,217879	-0,206112	-0,191903	-0,168574	-0,132750	-0,094259	-0,064447	-0,051623	-0,046584	-0,043354	-0,049590	-0,060645	-0,071111	-0,075349	-0,074143	-0,073827	-0,075562	-0,082586	-0,086118	-0,087457	-0,090378	-0,091457									
						-0,171523	-0,206024	-0,217354	-0,220023	-0,215341	-0,205339	-0,181937	-0,145735	-0,108274	-0,078669	-0,063060	-0,055135	-0,051564	-0,053292	-0,059979	-0,065229	-0,067864	-0,070456	-0,073364	-0,079769	-0,091208	-0,104823	-0,110351	-0,107734										
						-0,139846	-0,184443	-0,204245	-0,217364	-0,220300	-0,211845	-0,192829	-0,160815	-0,123682	-0,095407	-0,076558	-0,064989	-0,060325	-0,058728	-0,062035	-0,062472	-0,066753	-0,071196	-0,075694	-0,083661	-0,097099	-0,114105	-0,123903	-0,109363										
							-0,159683	-0,190490	-0,212509	-0,224037	-0,219116	-0,202429	-0,174425	-0,139712	-0,110776	-0,089859	-0,075935	-0,065470	-0,062093	-0,060581	-0,058907	-0,061995	-0,071760	-0,078052	-0,084391	-0,097380	-0,110592	-0,121001	-0,105176										
								-0,180989	-0,212162	-0,230624	-0,224775	-0,211058	-0,185719	-0,154429	-0,127431	-0,105500	-0,085813	-0,068555	-0,058191	-0,055599	-0,054701	-0,061057	-0,073919	-0,081604	-0,083918	-0,095033	-0,110545												
										-0,220222	-0,213054	-0,203132	-0,183574	-0,154957	-0,129408	-0,104870	-0,080662	-0,058905	-0,042359	-0,036869	-0,037444	-0,043102	-0,056423	-0,064432	-0,064109														
											-0,179508	-0,175929	-0,161623	-0,132026	-0,104018	-0,079533	-0,054158	-0,028769	-0,008301	0,002873	0,004806	0,002347	-0,006736	-0,012795															
														-0,091143	-0,059848	-0,035668	-0,007857	0,020886	0,046987	0,058357																			
																																							
																																							
