Wavefront
Acquisition 	2015/07/10 16:42:21,327
Save 	2015/07/10 16:42:23,717

ASO Size : 40 x 32; ASO Step : 114,055138 um x 113,922546 um
Selection : Tilt X 0; Tilt Y 0; Focus 0; Astig 0° 1; Astig 45° 1
Unity : Microns
Area Size : 40 x 32; Area Step : 114,055138 um x 113,922546 um
														-0,052897	-0,034049	-0,013776																							
											-0,032476	-0,030887	-0,021151	-0,013366	0,000193	0,010041	0,028621	0,044523	0,053730	0,058536	0,058214																		
								0,066938	0,079018	0,067656	0,056741	0,043034	0,028986	0,022070	0,018805	0,019450	0,024551	0,036233	0,047897	0,048533	0,045800	0,044481	0,047940	0,057999															
							0,128211	0,164519	0,173442	0,152063	0,120213	0,089977	0,057947	0,037074	0,022233	0,015750	0,015570	0,017329	0,018623	0,019286	0,023313	0,033916	0,046270	0,054685	0,060108														
							0,160731	0,200318	0,209466	0,186806	0,146158	0,101263	0,061101	0,027555	0,005350	-0,006219	-0,012269	-0,015486	-0,016875	-0,015212	-0,005027	0,012591	0,028593	0,037931	0,040586	0,034111	0,027984	0,051631											
						0,091472	0,137034	0,177141	0,187510	0,169162	0,130158	0,082006	0,040698	0,003477	-0,025095	-0,041111	-0,049593	-0,054327	-0,056431	-0,051547	-0,037207	-0,019593	-0,004408	0,005575	0,011717	0,008307	-0,003521												
						0,045926	0,091389	0,132910	0,145080	0,127611	0,090777	0,046282	0,008455	-0,023684	-0,053003	-0,072128	-0,082560	-0,089908	-0,092683	-0,085036	-0,068784	-0,052115	-0,036838	-0,025727	-0,013315	-0,015547	-0,033870	-0,071350	-0,117175										
						-0,004329	0,041439	0,087453	0,095822	0,077566	0,045015	0,004737	-0,028355	-0,055093	-0,079466	-0,096549	-0,105616	-0,114772	-0,115849	-0,106325	-0,090972	-0,074383	-0,060020	-0,046719	-0,034637	-0,035617	-0,053205	-0,080386	-0,121537										
						-0,051496	-0,001298	0,047870	0,054208	0,032303	0,003705	-0,025970	-0,053688	-0,077206	-0,096610	-0,109256	-0,115453	-0,121421	-0,120826	-0,112059	-0,097414	-0,080281	-0,064991	-0,054610	-0,048059	-0,048133	-0,057189	-0,075694	-0,106497										
					-0,160184	-0,094644	-0,035285	0,008256	0,016016	-0,002921	-0,028035	-0,050350	-0,069622	-0,087265	-0,100962	-0,106997	-0,110914	-0,111395	-0,110139	-0,103621	-0,088129	-0,068606	-0,053566	-0,048140	-0,045122	-0,044442	-0,049111	-0,062584	-0,083465										
					-0,195874	-0,125848	-0,061874	-0,026826	-0,014573	-0,028545	-0,051914	-0,067532	-0,082564	-0,095073	-0,103871	-0,106431	-0,107460	-0,106567	-0,105319	-0,097043	-0,078655	-0,060386	-0,049327	-0,042375	-0,038988	-0,035892	-0,040278	-0,049214	-0,061578										
					-0,209466	-0,142728	-0,083250	-0,048722	-0,034337	-0,040056	-0,056485	-0,071989	-0,082616	-0,092362	-0,099891	-0,102413	-0,103639	-0,101717	-0,098380	-0,090498	-0,075404	-0,061241	-0,053268	-0,045992	-0,041557	-0,038254	-0,038477	-0,042439	-0,046721	-0,005710									
					-0,205478	-0,151586	-0,094589	-0,057467	-0,040623	-0,037626	-0,046054	-0,059150	-0,069630	-0,075315	-0,080038	-0,085009	-0,085324	-0,083218	-0,078190	-0,073927	-0,066840	-0,059073	-0,051538	-0,044240	-0,038852	-0,039513	-0,038978	-0,037903	-0,031912	0,004168									
					-0,185556	-0,140374	-0,091377	-0,057158	-0,036658	-0,027600	-0,031905	-0,041402	-0,044912	-0,047876	-0,050656	-0,055219	-0,055988	-0,053727	-0,052898	-0,053199	-0,049676	-0,044527	-0,038420	-0,031481	-0,029907	-0,031002	-0,032650	-0,025743	-0,014423	0,021362									
					-0,144687	-0,115776	-0,076305	-0,046008	-0,027214	-0,016972	-0,014914	-0,016559	-0,014723	-0,011554	-0,011387	-0,016206	-0,019682	-0,019386	-0,022300	-0,024810	-0,023102	-0,018024	-0,013477	-0,011938	-0,014013	-0,018335	-0,020159	-0,013883	0,005834	0,045049									
					-0,105504	-0,094860	-0,064371	-0,038800	-0,019219	-0,008843	-0,002347	0,006658	0,012646	0,021346	0,023625	0,018367	0,014489	0,011657	0,006001	0,002140	0,004722	0,008447	0,008834	0,007922	0,003931	-0,000148	-0,003000	0,000639	0,021990	0,061839									
					-0,069227	-0,075166	-0,053134	-0,032418	-0,017989	-0,006459	0,006356	0,021808	0,036867	0,046857	0,052023	0,048089	0,042393	0,037538	0,030512	0,025725	0,024625	0,025196	0,022769	0,019315	0,012204	0,005661	0,002636	0,007682	0,032048	0,069886									
					-0,034430	-0,050076	-0,040308	-0,030124	-0,017760	-0,003768	0,012420	0,032575	0,054503	0,070811	0,076921	0,076230	0,071625	0,062996	0,051332	0,042372	0,039073	0,037338	0,034590	0,025847	0,014484	0,008369	0,007071	0,012199	0,034996	0,066298									
					-0,000775	-0,025122	-0,026127	-0,022775	-0,016328	-0,005059	0,011371	0,031945	0,057508	0,081990	0,093735	0,094854	0,094545	0,085607	0,072011	0,057416	0,049613	0,046194	0,042136	0,031922	0,016742	0,006600	0,003654	0,010201	0,032277	0,050231									
					0,023453	0,001831	-0,009472	-0,017967	-0,018588	-0,011543	0,004654	0,025982	0,054394	0,081598	0,098951	0,106810	0,108728	0,102218	0,091433	0,076771	0,061817	0,051854	0,045406	0,033426	0,015158	0,000579	-0,005176	0,000940	0,017328	0,026442									
						0,021229	0,003502	-0,012038	-0,018288	-0,015720	-0,005473	0,016121	0,045070	0,072112	0,092536	0,105266	0,108761	0,103087	0,092857	0,080516	0,064334	0,050236	0,038628	0,024599	0,007392	-0,009654	-0,020167	-0,017272	-0,001554	0,000907									
						0,055851	0,017130	-0,002445	-0,014989	-0,017887	-0,015633	-0,003929	0,018480	0,047983	0,075475	0,092036	0,098161	0,093890	0,084968	0,073819	0,056589	0,039196	0,021955	0,007055	-0,012862	-0,032038	-0,048690	-0,047278	-0,029055	-0,025667									
						0,093436	0,040952	0,010233	-0,008484	-0,020323	-0,023796	-0,019464	-0,003003	0,026385	0,053052	0,070709	0,081896	0,085110	0,077890	0,065255	0,045608	0,026396	0,007586	-0,007698	-0,026208	-0,046297	-0,065164	-0,071095	-0,057748	-0,052792									
						0,118883	0,058635	0,018568	-0,007091	-0,027727	-0,034703	-0,030769	-0,008130	0,017864	0,034905	0,047146	0,060724	0,067012	0,062563	0,052086	0,037318	0,018338	0,001113	-0,016618	-0,032021	-0,053199	-0,074935	-0,085984	-0,076971	-0,073068									
							0,073073	0,024438	-0,015574	-0,042414	-0,053232	-0,051231	-0,032579	-0,005093	0,017369	0,034163	0,046032	0,053893	0,054055	0,045162	0,033939	0,016103	-0,003065	-0,020712	-0,037280	-0,057514	-0,084984	-0,096866	-0,084354										
								0,036901	-0,015020	-0,047108	-0,057699	-0,055009	-0,044252	-0,021811	0,004606	0,024474	0,036545	0,045111	0,047350	0,041276	0,028636	0,012093	-0,008493	-0,024762	-0,038133	-0,067029	-0,104561	-0,120005											
										-0,048359	-0,051723	-0,058739	-0,050914	-0,031654	-0,008317	0,013743	0,030364	0,044192	0,048952	0,044219	0,035239	0,021297	0,000188	-0,028706	-0,056050														
												-0,068668	-0,057569	-0,041076	-0,015789	0,011309	0,032746	0,051447	0,060352	0,059429	0,052123	0,041882	0,012214																
														-0,022147	0,006406	0,030134	0,052988	0,072308	0,084196	0,081240	0,071458																		
																																							
																																							
																																							
